{
  "artifact_hash": "sha256:e2b9531e86f85a662c4da26595e0ab082dd8a1a29d2dbb83b31b076bbf7683ac",
  "center": [
    0.9274691854247932,
    0.6397156077887646,
    0.3687994715653896,
    0.19050700612200003,
    0.5685392847479529,
    -0.29389333245105953,
    0.42364893019360195,
    0.1731381183589169,
    -0.23268162484461669,
    0.3252937830705747,
    -1.203972804325936,
    -1.3470736479666092,
    -1.5141277326297755,
    -1.7147984280919266,
    -2.120263536200091,
    -2.2072749131897207,
    -2.3025850929940455,
    -2.407945608651872
  ],
  "center_role": "prior_mean_raw_coordinates_truth_fixture",
  "config_hash": "sha256:683e45cef9a46e14a3ee2de3e51d5fc19a0512feb43e376e30c2da19e1a2ccb0",
  "config_path": "docs/benchmarks/configs/multidim_lgssm_serious_hmc_tuning_2026_07_09.json",
  "created_at_utc": "deterministic_geometry_stage_no_wallclock",
  "fixture_hash": "sha256:346d2932ac329a477b35530010cf2dff6d4cf2022f003216b1a46a19bbca54ac",
  "fixture_path": "docs/benchmarks/artifacts/multidim_lgssm_serious_hmc_tuning_2026_07_09/fixture_T120_seed20260709_301.json",
  "geometry_config": {
    "center_log_prob_tolerance": 1e-08,
    "center_score_improvement_factor": 0.95,
    "eigenvalue_floor": 0.0001,
    "fit_max_iterations": 600,
    "fit_tolerance": 1e-08,
    "holdout_fraction": 0.25,
    "holdout_rmse_abs_tolerance": 0.05,
    "holdout_rmse_rel_tolerance": 0.05,
    "max_condition_number": 100000.0,
    "min_samples_per_parameter": 8,
    "pilot_direction_count": 256,
    "pilot_radius": 0.08,
    "rank": 8,
    "sample_count": 520,
    "seed": [
      20260709,
      401
    ],
    "trust_radius": 0.35
  },
  "jit_compile": true,
  "jit_compile_false_runtime_executed": false,
  "low_rank_geometry": {
    "accepted": true,
    "center": [
      0.9274691854247932,
      0.6397156077887646,
      0.3687994715653896,
      0.19050700612200003,
      0.5685392847479529,
      -0.29389333245105953,
      0.42364893019360195,
      0.1731381183589169,
      -0.23268162484461669,
      0.3252937830705747,
      -1.203972804325936,
      -1.3470736479666092,
      -1.5141277326297755,
      -1.7147984280919266,
      -2.120263536200091,
      -2.2072749131897207,
      -2.3025850929940455,
      -2.407945608651872
    ],
    "center_refinement_accepted": false,
    "covariance": [
      [
        0.11164949235515839,
        -0.0009864476466353153,
        0.006297294870578224,
        0.007787017000052569,
        -0.0027576419337578626,
        -0.00831181481549298,
        -0.002831371506680327,
        -0.0015999246738796055,
        -0.002190302799417767,
        -0.0023942861022129562,
        -0.0001348209351276573,
        -0.0031571835561666354,
        0.006234898646327749,
        0.002573772605893904,
        0.0019482603002438396,
        0.0037150944910529973,
        0.0039473885755470645,
        0.002836119273081767
      ],
      [
        -0.0009864476466353153,
        0.10189281678927348,
        -0.0011606674272118108,
        -0.0021225214160613256,
        -0.0014861098043017513,
        -0.003204870173200326,
        0.0032297405022045826,
        0.00417419719093564,
        -0.004436492944150888,
        0.00402827125726949,
        0.012111690975270473,
        0.0002877438127346874,
        -0.0019129602277685597,
        -0.008490237416976368,
        -0.005867652584989898,
        -0.0002654618091682466,
        0.0014356623135665146,
        0.0026231850424319123
      ],
      [
        0.006297294870578224,
        -0.0011606674272118108,
        0.10756249639069684,
        -0.009682823886006331,
        0.005748282647813307,
        -0.001397960661255319,
        -0.0028996862976761106,
        0.001413276097102885,
        0.0026625982526686212,
        0.003718102614197299,
        -0.00041416872622611844,
        0.010914012823406193,
        0.0027314048697197847,
        0.0008684246866303529,
        0.000388842530700564,
        -0.0008053867089473305,
        0.0004506149912001954,
        0.004143977277992958
      ],
      [
        0.007787017000052569,
        -0.0021225214160613256,
        -0.009682823886006331,
        0.10440359969969877,
        0.002998401489081746,
        0.012299318462334731,
        0.003039723565085595,
        0.006265457360976076,
        0.002358995331544777,
        0.0029976082022819812,
        0.0011938650337371911,
        0.003007115608918599,
        0.002285339416919426,
        -0.0035287345373940775,
        -0.0003560519697004888,
        -0.0009100572677679586,
        0.0005640120037673063,
        0.000440778644512427
      ],
      [
        -0.0027576419337578626,
        -0.0014861098043017513,
        0.005748282647813307,
        0.002998401489081746,
        0.1175566883182373,
        0.0011078454206706518,
        0.0008613748172992344,
        0.004381770835427106,
        -0.0034454802691276966,
        0.0007220619684982949,
        -0.004024366603391663,
        -0.0014076325698416906,
        0.0023497038315878215,
        -0.0031910403952011028,
        -0.0031843630120070273,
        0.001629281459928419,
        0.0007560461727659259,
        -0.0008361953754748093
      ],
      [
        -0.00831181481549298,
        -0.003204870173200326,
        -0.001397960661255319,
        0.012299318462334731,
        0.0011078454206706518,
        0.10304773114158618,
        -0.006082932655078114,
        -0.00450086654118266,
        -0.0012980052986058398,
        -5.5506019798729706e-05,
        0.002815887571985589,
        0.003452342703240166,
        0.004465832193921323,
        0.005147977380596679,
        0.001649524627115321,
        0.0006245783702103399,
        0.00245428085844652,
        0.006686065226873808
      ],
      [
        -0.002831371506680327,
        0.0032297405022045826,
        -0.0028996862976761106,
        0.003039723565085595,
        0.0008613748172992344,
        -0.006082932655078114,
        0.11532463850665542,
        -0.005272086734579073,
        -0.0005818685096476922,
        -0.0014059455615227797,
        -0.008954799742629214,
        0.009626862740934649,
        0.0016677062481158089,
        0.001884768084911173,
        0.0005001628166998986,
        0.006864350888194021,
        0.0017547706211633021,
        0.0007726332893829807
      ],
      [
        -0.0015999246738796055,
        0.00417419719093564,
        0.001413276097102885,
        0.006265457360976076,
        0.004381770835427106,
        -0.00450086654118266,
        -0.005272086734579073,
        0.10411672103755447,
        0.0025699238731196603,
        -0.007417079177132202,
        0.00018439707979982803,
        0.0014895116204056442,
        -0.011686201037200854,
        0.0038489024930024544,
        0.004272561477287072,
        0.006104784109563482,
        -0.0017578252952748404,
        -0.003967427387570685
      ],
      [
        -0.002190302799417767,
        -0.004436492944150888,
        0.0026625982526686212,
        0.002358995331544777,
        -0.0034454802691276966,
        -0.0012980052986058398,
        -0.0005818685096476922,
        0.0025699238731196603,
        0.11879397843940642,
        0.0011442790458968078,
        -0.003010825911564691,
        0.0019693686642852917,
        0.0011406712563164674,
        -0.0038650623862658403,
        -0.0037326365226155837,
        0.0027787163503819965,
        0.0009234483693408895,
        6.48821815411392e-05
      ],
      [
        -0.0023942861022129562,
        0.00402827125726949,
        0.003718102614197299,
        0.0029976082022819812,
        0.0007220619684982949,
        -5.5506019798729706e-05,
        -0.0014059455615227797,
        -0.007417079177132202,
        0.0011442790458968078,
        0.11794620946656735,
        -0.0003799697040535294,
        -0.0031572520103175386,
        -0.0037914278518576504,
        0.002276696554826415,
        0.0028251525297741864,
        0.002691895006764159,
        -0.0003701693887603691,
        -0.0021714492504606043
      ],
      [
        -0.0001348209351276573,
        0.012111690975270473,
        -0.00041416872622611844,
        0.0011938650337371911,
        -0.004024366603391663,
        0.002815887571985589,
        -0.008954799742629214,
        0.00018439707979982803,
        -0.003010825911564691,
        -0.0003799697040535294,
        0.09455676943338369,
        0.01716398436098106,
        0.004503310834078731,
        -0.0014116941362948502,
        -0.0035580559486136287,
        0.012282775270821188,
        0.001459854153373701,
        -0.0038815580863241815
      ],
      [
        -0.0031571835561666354,
        0.0002877438127346874,
        0.010914012823406193,
        0.003007115608918599,
        -0.0014076325698416906,
        0.003452342703240166,
        0.009626862740934649,
        0.0014895116204056442,
        0.0019693686642852917,
        -0.0031572520103175386,
        0.01716398436098106,
        0.09751602114013032,
        -0.0016002110434329975,
        0.00279044185083416,
        0.004368803958660825,
        -0.010654811369734021,
        -0.0019209381021580774,
        0.0006415917639736341
      ],
      [
        0.006234898646327749,
        -0.0019129602277685597,
        0.0027314048697197847,
        0.002285339416919426,
        0.0023497038315878215,
        0.004465832193921323,
        0.0016677062481158089,
        -0.011686201037200854,
        0.0011406712563164674,
        -0.0037914278518576504,
        0.004503310834078731,
        -0.0016002110434329975,
        0.10438546079162948,
        -0.0030572458587973597,
        -0.0011915526968436611,
        0.0008142228820444725,
        -0.00552708465677868,
        -0.007542017788256229
      ],
      [
        0.002573772605893904,
        -0.008490237416976368,
        0.0008684246866303529,
        -0.0035287345373940775,
        -0.0031910403952011028,
        0.005147977380596679,
        0.001884768084911173,
        0.0038489024930024544,
        -0.0038650623862658403,
        0.002276696554826415,
        -0.0014116941362948502,
        0.00279044185083416,
        -0.0030572458587973597,
        0.11405692250498549,
        -0.006233735357676369,
        0.002736126277988764,
        -0.00043352546091929766,
        -0.002101441344664043
      ],
      [
        0.0019482603002438396,
        -0.005867652584989898,
        0.000388842530700564,
        -0.0003560519697004888,
        -0.0031843630120070273,
        0.001649524627115321,
        0.0005001628166998986,
        0.004272561477287072,
        -0.0037326365226155837,
        0.0028251525297741864,
        -0.0035580559486136287,
        0.004368803958660825,
        -0.0011915526968436611,
        -0.006233735357676369,
        0.11653134029310153,
        0.001845218207322539,
        -0.0004832761428750098,
        -0.001048538218842418
      ],
      [
        0.0037150944910529973,
        -0.0002654618091682466,
        -0.0008053867089473305,
        -0.0009100572677679586,
        0.001629281459928419,
        0.0006245783702103399,
        0.006864350888194021,
        0.006104784109563482,
        0.0027787163503819965,
        0.002691895006764159,
        0.012282775270821188,
        -0.010654811369734021,
        0.0008142228820444725,
        0.002736126277988764,
        0.001845218207322539,
        0.11006379498216225,
        -0.0024983932890766695,
        0.002714147204237348
      ],
      [
        0.0039473885755470645,
        0.0014356623135665146,
        0.0004506149912001954,
        0.0005640120037673063,
        0.0007560461727659259,
        0.00245428085844652,
        0.0017547706211633021,
        -0.0017578252952748404,
        0.0009234483693408895,
        -0.0003701693887603691,
        0.001459854153373701,
        -0.0019209381021580774,
        -0.00552708465677868,
        -0.00043352546091929766,
        -0.0004832761428750098,
        -0.0024983932890766695,
        0.11947752127227676,
        -0.0022269571188092497
      ],
      [
        0.002836119273081767,
        0.0026231850424319123,
        0.004143977277992958,
        0.000440778644512427,
        -0.0008361953754748093,
        0.006686065226873808,
        0.0007726332893829807,
        -0.003967427387570685,
        6.48821815411392e-05,
        -0.0021714492504606043,
        -0.0038815580863241815,
        0.0006415917639736341,
        -0.007542017788256229,
        -0.002101441344664043,
        -0.001048538218842418,
        0.002714147204237348,
        -0.0022269571188092497,
        0.11593760829469922
      ]
    ],
    "covariance_eigen_summary": {
      "condition_number": 1.9640743886787073,
      "eigenvalues": [
        0.062306128987378605,
        0.07412337505758376,
        0.08195697416989607,
        0.09002205950548742,
        0.09096729760878408,
        0.1094494634727844,
        0.11988191783524471,
        0.12237387220182211,
        0.12237387220182212,
        0.12237387220182219,
        0.12237387220182219,
        0.12237387220182219,
        0.1223738722018222,
        0.1223738722018222,
        0.12237387220182222,
        0.12237387220182225,
        0.12237387220182225,
        0.12237387220182232
      ],
      "finite": true,
      "max": 0.12237387220182232,
      "min": 0.062306128987378605,
      "positive": true
    },
    "diagnostics": {
      "artifact_hash": "92a08bd9f45b2c53",
      "center_log_prob": -13.28294672658093,
      "center_refinement": {
        "accepted": false,
        "center_log_prob": -13.28294672658093,
        "center_score_norm": 15.247046803491266,
        "reason": "outside_trust_radius;score_norm_not_improved_enough",
        "refined_center": [
          0.733094334197054,
          0.5908162164532829,
          0.08914942593488456,
          0.35058728628281827,
          0.3992862312798008,
          -0.47612950017417893,
          0.5389973610137471,
          -0.1781240788904575,
          -0.21279046888440292,
          0.660001280645784,
          -1.4619795738384445,
          -1.6775864383686083,
          -1.5965636573226758,
          -1.6669757964081984,
          -2.144215937612623,
          -2.2870751312836775,
          -2.3098723507238295,
          -2.406971455051745
        ],
        "refined_log_prob": -10.889328973115028,
        "refined_score_norm": 18.25663242426906,
        "z_norm": 1.7338473831733332
      },
      "center_score_norm": 15.247046803491266,
      "classification": "extension_or_invention",
      "config": {
        "center_log_prob_tolerance": 1e-08,
        "center_score_improvement_factor": 0.95,
        "eigenvalue_floor": 0.0001,
        "fit_max_iterations": 600,
        "fit_tolerance": 1e-08,
        "holdout_fraction": 0.25,
        "holdout_rmse_abs_tolerance": 0.05,
        "holdout_rmse_rel_tolerance": 0.05,
        "max_condition_number": 100000.0,
        "min_samples_per_parameter": 8,
        "pilot_direction_count": 256,
        "pilot_radius": 0.08,
        "rank": 8,
        "sample_count": 520,
        "seed": [
          20260709,
          401
        ],
        "trust_radius": 0.35
      },
      "coordinate_system": "whitened_center_plus_scale_times_z",
      "covariance_eigen_summary": {
        "condition_number": 1.9640743886787073,
        "eigenvalues": [
          0.062306128987378605,
          0.07412337505758376,
          0.08195697416989607,
          0.09002205950548742,
          0.09096729760878408,
          0.1094494634727844,
          0.11988191783524471,
          0.12237387220182211,
          0.12237387220182212,
          0.12237387220182219,
          0.12237387220182219,
          0.12237387220182219,
          0.1223738722018222,
          0.1223738722018222,
          0.12237387220182222,
          0.12237387220182225,
          0.12237387220182225,
          0.12237387220182232
        ],
        "finite": true,
        "max": 0.12237387220182232,
        "min": 0.062306128987378605,
        "positive": true
      },
      "dimension": 18,
      "finite_sample_count": 520,
      "fit": {
        "condition_bound": 1.9640743886787042,
        "fit_method": "score_difference_linear_least_squares_with_value_intercept",
        "intercept": -13.27508041983079,
        "lambda0": 8.17167898675931,
        "linear_term": [
          -3.92483675395379,
          -0.268048545573345,
          -3.6786326977803183,
          4.0661719316365135,
          -2.3866874431148486,
          -3.469564131086342,
          1.4136453790413999,
          -5.613611193754533,
          0.3002723627144141,
          4.043047208635812,
          -5.700811216489986,
          -8.662167441666577,
          -2.1547171960425064,
          1.7289869268168032,
          -0.16273646441638337,
          -1.9959098317168584,
          -0.2572463589951466,
          0.08757526403679436
        ],
        "loss": 0.01358956023277844,
        "mu": [
          5.319341885173953,
          7.878106423638595,
          4.029845168183364,
          0.16986257394806253,
          2.9367093959686272,
          0.9649578524761693,
          2.8212825091468474,
          0.0
        ],
        "mu_clipped_count": 1,
        "optimizer_converged": true,
        "optimizer_failed": false,
        "optimizer_iterations": 0,
        "precision": null,
        "raw_lambda0": 8.17167898675931,
        "raw_mu": [
          5.319341885173953,
          7.878106423638595,
          4.029845168183364,
          0.16986257394806253,
          2.9367093959686272,
          0.9649578524761693,
          2.8212825091468474,
          -2.7513961104589666
        ],
        "score_design_condition_number": 5.8381593547756685,
        "score_design_rank": 9,
        "score_lstsq_residual_sum_squares": 2020.2361668275657,
        "score_rmse": 0.5387265739323441,
        "status": "usable"
      },
      "holdout_count": 130,
      "holdout_passed": true,
      "holdout_rmse": 0.12444574204988731,
      "holdout_threshold": 0.6641473363290465,
      "nonfinite_sample_count": 0,
      "pilot": {
        "basis_source": "directional_curvature_sketch",
        "center_score_norm": 15.247046803491266,
        "curvature_max": 17.663553904242384,
        "curvature_min": 4.357202729695875,
        "curvature_source": "central_score_difference_directional_curvature",
        "finite_positive_curvature_count": 256,
        "pilot_direction_count": 256,
        "sketch_eigenvalues": [
          214.22308588569362,
          199.6969109359611,
          184.82759399121002,
          171.04693567340567,
          166.52123917358853,
          154.12459051207358,
          144.24188263235007,
          142.49444113669077,
          136.7548818601572,
          133.1358573089812,
          123.68536963500185,
          120.27752493347832,
          113.45435909801549,
          103.78977703235542,
          99.27719668161166,
          92.45115201745402,
          82.1139743903666,
          70.20825328503032
        ]
      },
      "precision_eigen_summary": {
        "condition_number": 1.9640743886787067,
        "eigenvalues": [
          8.171678986759298,
          8.1716789867593,
          8.171678986759309,
          8.171678986759309,
          8.171678986759309,
          8.171678986759312,
          8.171678986759312,
          8.171678986759316,
          8.171678986759318,
          8.17167898675932,
          8.171678986759323,
          8.341541560707368,
          9.136636839235479,
          10.992961495906151,
          11.108388382727934,
          12.201524154942677,
          13.491020871933264,
          16.049785410397902
        ],
        "finite": true,
        "max": 16.049785410397902,
        "min": 8.171678986759298,
        "positive": true
      },
      "precision_form": "lambda0_identity_plus_q_diag_mu_q_transpose",
      "rank": 8,
      "regression_parameter_count": 28,
      "reports_default_readiness": false,
      "reports_hmc_convergence": false,
      "reports_map_quality": false,
      "required_finite_samples": 224,
      "sample_count": 520,
      "sample_ratio_rule": "finite_sample_count >= min_samples_per_parameter * regression_parameter_count",
      "train_rmse": 0.11657426917111013
    },
    "dimension": 18,
    "intercept": -13.27508041983079,
    "lambda0": 8.17167898675931,
    "linear_term": [
      -3.92483675395379,
      -0.268048545573345,
      -3.6786326977803183,
      4.0661719316365135,
      -2.3866874431148486,
      -3.469564131086342,
      1.4136453790413999,
      -5.613611193754533,
      0.3002723627144141,
      4.043047208635812,
      -5.700811216489986,
      -8.662167441666577,
      -2.1547171960425064,
      1.7289869268168032,
      -0.16273646441638337,
      -1.9959098317168584,
      -0.2572463589951466,
      0.08757526403679436
    ],
    "mu": [
      5.319341885173953,
      7.878106423638595,
      4.029845168183364,
      0.16986257394806253,
      2.9367093959686272,
      0.9649578524761693,
      2.8212825091468474,
      0.0
    ],
    "nonclaims": [
      "low-rank quadratic geometry diagnostic only",
      "not a certified MAP covariance",
      "not posterior correctness evidence",
      "not HMC convergence evidence",
      "not sampler superiority evidence",
      "not default-readiness evidence",
      "not source-faithful Zhao-Cui evidence"
    ],
    "precision": [
      [
        9.235019551269943,
        0.03601625295987046,
        -0.6338670629370111,
        -0.905504974771158,
        0.2645067721477893,
        0.9352349742512092,
        0.31456041365494425,
        0.21368274396384915,
        0.2124838813689407,
        0.24452942729829782,
        0.03687305160836532,
        0.29740066210930827,
        -0.5804415201105313,
        -0.30561381442754654,
        -0.19860095349144977,
        -0.3369583436461234,
        -0.35896449825782917,
        -0.2874897205647251
      ],
      [
        0.03601625295987046,
        10.17813347804923,
        0.10360306968090326,
        0.27153203924517133,
        0.1369270401288384,
        0.23684811085094737,
        -0.4584092892541643,
        -0.5469134768656956,
        0.3922471586265439,
        -0.43537508781266004,
        -1.3915145804022035,
        0.20151853760308125,
        0.15253582441709132,
        0.8058999219672318,
        0.5457394669145921,
        0.23209550561825132,
        -0.10486701637844857,
        -0.2982956079088702
      ],
      [
        -0.6338670629370111,
        0.10360306968090326,
        9.632817863893422,
        1.0133796218690478,
        -0.5101494218768909,
        0.0478273093232274,
        0.31786301327141486,
        -0.22329246657935797,
        -0.21665556247077372,
        -0.400247561722351,
        0.2417344359321311,
        -1.2257605046315723,
        -0.32668329779202426,
        -0.014264788095146082,
        0.02770087609046973,
        -0.020322692734182312,
        -0.07164825327497666,
        -0.3658540926686543
      ],
      [
        -0.905504974771158,
        0.27153203924517133,
        1.0133796218690478,
        10.01279580626057,
        -0.27394786172131913,
        -1.3004787160594407,
        -0.3707367782575789,
        -0.7788051092778535,
        -0.21256023337329166,
        -0.3968923606089885,
        -0.11247335339621453,
        -0.3520786558963669,
        -0.2086579129857718,
        0.4305497787069649,
        0.1273978975527832,
        0.18187633049296245,
        -0.010160732496337938,
        -0.027641918560003854
      ],
      [
        0.2645067721477893,
        0.1369270401288384,
        -0.5101494218768909,
        -0.27394786172131913,
        8.610668764941877,
        -0.08216598417518438,
        -0.05736519972274301,
        -0.399404957571246,
        0.31869757404984644,
        -0.0694572702813442,
        0.39505702905096274,
        0.0884525757967918,
        -0.23596231081575353,
        0.2882680346012674,
        0.2913365076807433,
        -0.17161560678462048,
        -0.08206914748727215,
        0.06947319396538308
      ],
      [
        0.9352349742512092,
        0.23684811085094737,
        0.0478273093232274,
        -1.3004787160594407,
        -0.08216598417518438,
        10.12498217313101,
        0.6602472020293549,
        0.5181182054307347,
        0.13764228147919616,
        0.06806744507941571,
        -0.18499799816633156,
        -0.33745149678483477,
        -0.48328269789714995,
        -0.5558686492976322,
        -0.20467866012124963,
        -0.1543958089712403,
        -0.2817862000660264,
        -0.6444593462603492
      ],
      [
        0.31456041365494425,
        -0.4584092892541643,
        0.31786301327141486,
        -0.3707367782575789,
        -0.05736519972274301,
        0.6602472020293549,
        9.037273730476802,
        0.58433492304572,
        0.09430662934702295,
        0.15216711426758367,
        1.2507399409992956,
        -1.2516339566838592,
        -0.21461348380698075,
        -0.1964532701023872,
        -0.01723832832250322,
        -0.8753070655889855,
        -0.20700676884633856,
        -0.0355597198859178
      ],
      [
        0.21368274396384915,
        -0.5469134768656956,
        -0.22329246657935797,
        -0.7788051092778535,
        -0.399404957571246,
        0.5181182054307347,
        0.58433492304572,
        10.031971142288722,
        -0.24221840598275574,
        0.7670470163434585,
        0.13408466844852718,
        -0.1908356049490158,
        1.150101011068375,
        -0.4365992241184281,
        -0.4331590108313882,
        -0.6494415945077963,
        0.17870646641336932,
        0.4264016778603701
      ],
      [
        0.2124838813689407,
        0.3922471586265439,
        -0.21665556247077372,
        -0.21256023337329166,
        0.31869757404984644,
        0.13764228147919616,
        0.09430662934702295,
        -0.24221840598275574,
        8.50832164933507,
        -0.11486488992511212,
        0.3558478183457862,
        -0.27054161321317716,
        -0.14300742251366663,
        0.3523748739889422,
        0.3494788609883808,
        -0.30114874459032415,
        -0.10489608403089984,
        -0.008299325910599321
      ],
      [
        0.24452942729829782,
        -0.43537508781266004,
        -0.400247561722351,
        -0.3968923606089885,
        -0.0694572702813442,
        0.06806744507941571,
        0.15216711426758367,
        0.7670470163434585,
        -0.11486488992511212,
        8.615826062654957,
        0.0489892590346464,
        0.30814865830815774,
        0.40606527983259755,
        -0.25766597806242214,
        -0.2835844964834451,
        -0.24655126383792705,
        0.05635972808725433,
        0.22789597530948075
      ],
      [
        0.03687305160836532,
        -1.3915145804022035,
        0.2417344359321311,
        -0.11247335339621453,
        0.39505702905096274,
        -0.18499799816633156,
        1.2507399409992956,
        0.13408466844852718,
        0.3558478183457862,
        0.0489892590346464,
        11.625383214698562,
        -2.4038725820336007,
        -0.5362048019386765,
        0.15376705870215546,
        0.4185811082514505,
        -1.657279673334857,
        -0.23225105848703814,
        0.4414043629650809
      ],
      [
        0.29740066210930827,
        0.20151853760308125,
        -1.2257605046315723,
        -0.3520786558963669,
        0.0884525757967918,
        -0.33745149678483477,
        -1.2516339566838592,
        -0.1908356049490158,
        -0.27054161321317716,
        0.30814865830815774,
        -2.4038725820336007,
        11.19099015052567,
        0.30649055016372173,
        -0.3228259414766852,
        -0.5180954262338501,
        1.441722867122508,
        0.26751607566528046,
        -0.10047455934107224
      ],
      [
        -0.5804415201105313,
        0.15253582441709132,
        -0.32668329779202426,
        -0.2086579129857718,
        -0.23596231081575353,
        -0.48328269789714995,
        -0.21461348380698075,
        1.150101011068375,
        -0.14300742251366663,
        0.40606527983259755,
        -0.5362048019386765,
        0.30649055016372173,
        9.923259956091202,
        0.25903023152368926,
        0.05941784432273243,
        -0.03201563152441167,
        0.5382571573123752,
        0.7400636544049812
      ],
      [
        -0.30561381442754654,
        0.8058999219672318,
        -0.014264788095146082,
        0.4305497787069649,
        0.2882680346012674,
        -0.5558686492976322,
        -0.1964532701023872,
        -0.4365992241184281,
        0.3523748739889422,
        -0.25766597806242214,
        0.15376705870215546,
        -0.3228259414766852,
        0.25903023152368926,
        8.975368129771326,
        0.6025252652550934,
        -0.23915345629872262,
        0.039648864102960604,
        0.2018749021332969
      ],
      [
        -0.19860095349144977,
        0.5457394669145921,
        0.02770087609046973,
        0.1273978975527832,
        0.2913365076807433,
        -0.20467866012124963,
        -0.01723832832250322,
        -0.4331590108313882,
        0.3494788609883808,
        -0.2835844964834451,
        0.4185811082514505,
        -0.5180954262338501,
        0.05941784432273243,
        0.6025252652550934,
        8.727044158455817,
        -0.2313887968174584,
        0.015794894100600455,
        0.10104109458992722
      ],
      [
        -0.3369583436461234,
        0.23209550561825132,
        -0.020322692734182312,
        0.18187633049296245,
        -0.17161560678462048,
        -0.1543958089712403,
        -0.8753070655889855,
        -0.6494415945077963,
        -0.30114874459032415,
        -0.24655126383792705,
        -1.657279673334857,
        1.441722867122508,
        -0.03201563152441167,
        -0.23915345629872262,
        -0.2313887968174584,
        9.554285378674681,
        0.25100826853395886,
        -0.3009697369684288
      ],
      [
        -0.35896449825782917,
        -0.10486701637844857,
        -0.07164825327497666,
        -0.010160732496337938,
        -0.08206914748727215,
        -0.2817862000660264,
        -0.20700676884633856,
        0.17870646641336932,
        -0.10489608403089984,
        0.05635972808725433,
        -0.23225105848703814,
        0.26751607566528046,
        0.5382571573123752,
        0.039648864102960604,
        0.015794894100600455,
        0.25100826853395886,
        8.43778766103991,
        0.22084033087983473
      ],
      [
        -0.2874897205647251,
        -0.2982956079088702,
        -0.3658540926686543,
        -0.027641918560003854,
        0.06947319396538308,
        -0.6444593462603492,
        -0.0355597198859178,
        0.4264016778603701,
        -0.008299325910599321,
        0.22789597530948075,
        0.4414043629650809,
        -0.10047455934107224,
        0.7400636544049812,
        0.2018749021332969,
        0.10104109458992722,
        -0.3009697369684288,
        0.22084033087983473,
        8.78839869864445
      ]
    ],
    "precision_eigen_summary": {
      "condition_number": 1.9640743886787067,
      "eigenvalues": [
        8.171678986759298,
        8.1716789867593,
        8.171678986759309,
        8.171678986759309,
        8.171678986759309,
        8.171678986759312,
        8.171678986759312,
        8.171678986759316,
        8.171678986759318,
        8.17167898675932,
        8.171678986759323,
        8.341541560707368,
        9.136636839235479,
        10.992961495906151,
        11.108388382727934,
        12.201524154942677,
        13.491020871933264,
        16.049785410397902
      ],
      "finite": true,
      "max": 16.049785410397902,
      "min": 8.171678986759298,
      "positive": true
    },
    "q_basis": [
      [
        -0.30739645312118746,
        0.02173609815557913,
        -0.29234509247092033,
        0.12242334941826831,
        -0.10450642191584578,
        0.3773889093707628,
        0.1198365192806941,
        -0.24035798545907985
      ],
      [
        0.19924068874782597,
        -0.19976457885725094,
        -0.267263687433917,
        0.1241168321238799,
        -0.4868969399805619,
        0.18130952767598568,
        -0.4048944044393227,
        -0.2833535131968919
      ],
      [
        0.2943859083642743,
        0.13151868612404613,
        -0.08001735562095307,
        -0.2624699173440743,
        0.3642177141099888,
        -0.05338695613102794,
        -0.3922385064447482,
        -0.4309345807572816
      ],
      [
        0.515878868751717,
        -0.023226080065337284,
        0.12088162873087435,
        -0.1352796423499848,
        0.21962573018883388,
        0.4680627924209181,
        -0.04677168428404922,
        0.004858770341873212
      ],
      [
        -0.0004385259213006701,
        0.02491652357806157,
        -0.0915550767638413,
        -0.09097704863398377,
        -0.2671304606540979,
        -0.04285995345365045,
        0.25785170358496023,
        -0.19088129479989185
      ],
      [
        -0.3778564723458936,
        0.06686826188940767,
        -0.44284946815844817,
        -0.14775341487948598,
        0.043442204449615704,
        -0.24395715108023774,
        -0.3269635963514849,
        0.01096118687079365
      ],
      [
        -0.13728380652333128,
        0.2940183502995218,
        -0.064860916008667,
        -0.1612919035836043,
        0.05552169946508644,
        0.07664422594653689,
        -0.13072268954759733,
        0.08712686443055671
      ],
      [
        -0.40320936186023243,
        0.09624118979848824,
        0.3515023405224723,
        -0.16637065571268686,
        0.02647794317460004,
        0.23396302620577425,
        -0.3597010809543624,
        -0.031682993939921
      ],
      [
        0.01909270701312143,
        0.05939160390395078,
        -0.12161058138107222,
        -0.20403841586562768,
        -0.2811622482004512,
        -0.025234393917096816,
        0.0514810723829326,
        -0.19268211045587252
      ],
      [
        -0.2199244024658508,
        0.00781941773244742,
        0.17344669591698217,
        -0.15960834614188463,
        0.01605305214864144,
        0.2476635647379755,
        0.017675138686283336,
        -0.3660012627928848
      ],
      [
        0.03315800918456952,
        0.6208862192642348,
        0.08370101499881608,
        -0.22725073068671905,
        -0.049392480647099495,
        -0.12718755187308875,
        0.3527549359572249,
        -0.2103120336343786
      ],
      [
        -0.19609246087019944,
        -0.5550556226613497,
        0.06509800870828897,
        -0.4992324928801074,
        0.024581600572833606,
        0.15220899922292927,
        0.3283037099578751,
        -0.07615400659085877
      ],
      [
        -0.09938565235688684,
        -0.0912528443061722,
        0.5286570709678472,
        -0.06487307535771836,
        -0.25140117317964394,
        -0.2018799710294581,
        -0.3158942545107003,
        0.13868770273692463
      ],
      [
        0.23735380126878994,
        0.013097608562791413,
        0.034021751699865294,
        -0.2910181918988511,
        -0.40431112962678706,
        0.033721580241806375,
        -0.029520455490417062,
        0.1592076363784577
      ],
      [
        0.16803156247173498,
        0.06667456550549937,
        -0.04333461903633214,
        -0.23828230870228875,
        -0.32363154377317815,
        -0.21661595560340072,
        -0.005323797722669837,
        0.10523625496432307
      ],
      [
        0.0766622072359631,
        -0.3526455349066186,
        -0.055445793430651445,
        0.04716995168829257,
        0.227823007948937,
        -0.45382166957935105,
        0.05225255612632837,
        -0.2641088204350573
      ],
      [
        0.005201125878761279,
        -0.06360738126420311,
        0.18913394752298712,
        -0.19339488308254824,
        -0.00930142836807963,
        -0.2892613507212102,
        -0.03029456657224138,
        -0.3269969043973743
      ],
      [
        -0.01341982239283956,
        0.04959676053471065,
        0.3351931555113681,
        0.4953046583320671,
        -0.16834217139820642,
        -0.03235388566816712,
        0.07922093940402754,
        -0.4214374418536183
      ]
    ],
    "rank": 8,
    "refined_center": null,
    "scale": [
      0.5,
      0.5,
      0.5,
      0.5,
      0.6,
      0.6,
      0.6,
      0.6,
      0.6,
      0.6,
      0.35,
      0.35,
      0.35,
      0.35,
      0.35,
      0.35,
      0.35,
      0.35
    ],
    "schema": "bayesfilter.low_rank_spd_quadratic_geometry.v1",
    "status": "usable"
  },
  "metric_roles": {
    "accepted": "veto_diagnostic",
    "center_refinement": "explanatory_only",
    "covariance_eigen_summary": "veto_diagnostic",
    "holdout_rmse": "veto_diagnostic",
    "passed": "primary_phase5_geometry_pass_fail",
    "precision_eigen_summary": "veto_diagnostic"
  },
  "nonclaims": [
    "geometry initializer only",
    "not an HMC run",
    "not HMC tuning evidence",
    "not HMC convergence evidence",
    "not posterior recovery evidence",
    "not certified MAP covariance",
    "not sampler superiority evidence",
    "not production readiness",
    "not default readiness"
  ],
  "parameter_names": [
    "a11_raw",
    "a22_raw",
    "a33_raw",
    "a44_raw",
    "a21_raw",
    "a31_raw",
    "a32_raw",
    "a41_raw",
    "a42_raw",
    "a43_raw",
    "log_q1",
    "log_q2",
    "log_q3",
    "log_q4",
    "log_r1",
    "log_r2",
    "log_r3",
    "log_r4"
  ],
  "passed": true,
  "runtime_autodiff_tape_executed": false,
  "scale": [
    0.5,
    0.5,
    0.5,
    0.5,
    0.6,
    0.6,
    0.6,
    0.6,
    0.6,
    0.6,
    0.35,
    0.35,
    0.35,
    0.35,
    0.35,
    0.35,
    0.35,
    0.35
  ],
  "schema": "bayesfilter.deterministic_lgssm_hmc_tuning_geometry.v1",
  "script": "docs/benchmarks/run_multidim_lgssm_serious_hmc_tuning_2026_07_09.py",
  "stage": "geometry",
  "vetoes": [],
  "xla_compile_hash": "sha256:f945e98ad2aac75cb2998e51855a717e9b9894384f254c29861e4911d35593a9",
  "xla_compile_path": "docs/benchmarks/artifacts/multidim_lgssm_serious_hmc_tuning_2026_07_09/xla_compile_gate.json"
}
