{
  "artifact_hash": "sha256:92536fbd13e1ba89c53bfcc874355194b8d2d097ea498d22b5ccd7c318490d8e",
  "center": [
    0.9274691854247932,
    0.6397156077887646,
    0.3687994715653896,
    0.19050700612200003,
    0.5685392847479529,
    -0.29389333245105953,
    0.42364893019360195,
    0.1731381183589169,
    -0.23268162484461669,
    0.3252937830705747,
    -1.203972804325936,
    -1.3470736479666092,
    -1.5141277326297755,
    -1.7147984280919266,
    -2.120263536200091,
    -2.2072749131897207,
    -2.3025850929940455,
    -2.407945608651872
  ],
  "center_role": "prior_mean_raw_coordinates_truth_fixture",
  "config_hash": "sha256:683e45cef9a46e14a3ee2de3e51d5fc19a0512feb43e376e30c2da19e1a2ccb0",
  "config_path": "docs/benchmarks/configs/multidim_lgssm_serious_hmc_tuning_2026_07_09.json",
  "created_at_utc": "deterministic_mass_stage_no_wallclock",
  "factor": [
    [
      0.33413992928471903,
      0.0,
      0.0,
      0.0,
      0.0,
      0.0,
      0.0,
      0.0,
      0.0,
      0.0,
      0.0,
      0.0,
      0.0,
      0.0,
      0.0,
      0.0,
      0.0,
      0.0
    ],
    [
      -0.0029521992432686435,
      0.3191928904254766,
      0.0,
      0.0,
      0.0,
      0.0,
      0.0,
      0.0,
      0.0,
      0.0,
      0.0,
      0.0,
      0.0,
      0.0,
      0.0,
      0.0,
      0.0,
      0.0
    ],
    [
      0.01884628060695791,
      -0.0034619488239680247,
      0.32740697762327,
      0.0,
      0.0,
      0.0,
      0.0,
      0.0,
      0.0,
      0.0,
      0.0,
      0.0,
      0.0,
      0.0,
      0.0,
      0.0,
      0.0,
      0.0
    ],
    [
      0.023304658665742065,
      -0.006434107655877676,
      -0.030983776356257414,
      0.32071654218988777,
      0.0,
      0.0,
      0.0,
      0.0,
      0.0,
      0.0,
      0.0,
      0.0,
      0.0,
      0.0,
      0.0,
      0.0,
      0.0,
      0.0
    ],
    [
      -0.008252955398323788,
      -0.004732167344516482,
      0.017982016392633908,
      0.01159103696930415,
      0.34206502097135333,
      0.0,
      0.0,
      0.0,
      0.0,
      0.0,
      0.0,
      0.0,
      0.0,
      0.0,
      0.0,
      0.0,
      0.0,
      0.0
    ],
    [
      -0.02487525160994595,
      -0.010270613694107813,
      -0.0029465194507532254,
      0.039666339276119754,
      0.0013072344270642182,
      0.3173951136548158,
      0.0,
      0.0,
      0.0,
      0.0,
      0.0,
      0.0,
      0.0,
      0.0,
      0.0,
      0.0,
      0.0,
      0.0
    ],
    [
      -0.008473610179375583,
      0.010040088022650263,
      -0.008262597243994654,
      0.009496830686379474,
      0.002565167019777693,
      -0.020778522970424592,
      0.3384601093941099,
      0.0,
      0.0,
      0.0,
      0.0,
      0.0,
      0.0,
      0.0,
      0.0,
      0.0,
      0.0,
      0.0
    ],
    [
      -0.0047881876225040415,
      0.013033064429366348,
      0.004730001289937311,
      0.020602161131554816,
      0.011927771491690787,
      -0.016714132574636033,
      -0.01766228211587409,
      0.3205363027671798,
      0.0,
      0.0,
      0.0,
      0.0,
      0.0,
      0.0,
      0.0,
      0.0,
      0.0,
      0.0
    ],
    [
      -0.006555046574812416,
      -0.013959724293370689,
      0.008362096214323282,
      0.008359498346184841,
      -0.011146714509440615,
      -0.0059762070510108525,
      -0.0017820009503220916,
      0.00783153960869783,
      0.3437904262576843,
      0.0,
      0.0,
      0.0,
      0.0,
      0.0,
      0.0,
      0.0,
      0.0,
      0.0
    ],
    [
      -0.007165519268658836,
      0.01255390497755402,
      0.01190141702278625,
      0.011268898627060535,
      0.0011041840493882244,
      -0.0016326194410592727,
      -0.0048399905561921286,
      -0.025049910865024293,
      0.0036910286289085236,
      0.3417604432180341,
      0.0,
      0.0,
      0.0,
      0.0,
      0.0,
      0.0,
      0.0,
      0.0
    ],
    [
      -0.00040348645373560437,
      0.03794100734621062,
      -0.0008405889318076979,
      0.004431764087442613,
      -0.011355755138816499,
      0.009553090164285842,
      -0.02706538873003085,
      -0.0018165383200823395,
      -0.007613171260880532,
      -0.0029827036081080996,
      0.30343670308442183,
      0.0,
      0.0,
      0.0,
      0.0,
      0.0,
      0.0,
      0.0
    ],
    [
      -0.009448686848840352,
      0.0008140826884070215,
      0.03388719390810325,
      0.013352928832463853,
      -0.0065656937001620855,
      0.008835787380927178,
      0.029227217495869,
      0.005429930531944715,
      0.004400883120774881,
      -0.010258779247380237,
      0.05847493328344328,
      0.3025733234933757,
      0.0,
      0.0,
      0.0,
      0.0,
      0.0,
      0.0
    ],
    [
      0.018659543797593155,
      -0.005820535456732184,
      0.007206906499201241,
      0.006349321213395791,
      0.0066448376739292134,
      0.014590354324081812,
      0.006410294174805413,
      -0.03559056215013648,
      0.004420732507719533,
      -0.013466516543066053,
      0.015647430972706662,
      -0.009584936339619961,
      0.31907481074899063,
      0.0,
      0.0,
      0.0,
      0.0,
      0.0
    ],
    [
      0.0077026789672099225,
      -0.026527838890451894,
      0.0019285472200043132,
      -0.011908248044641377,
      -0.009207766748352142,
      0.01750878274807188,
      0.008074307351440544,
      0.015638852500646738,
      -0.01223873553480306,
      0.009629305796763729,
      -0.0014402777269105279,
      0.008854959332901001,
      -0.008436642912449787,
      0.3347432731390952,
      0.0,
      0.0,
      0.0,
      0.0
    ],
    [
      0.005830671910450719,
      -0.018328852095554758,
      0.0006582098684272356,
      -0.001837977438216175,
      -0.009394441438484629,
      0.005335436582218056,
      0.0026338324889388547,
      0.015043117760970176,
      -0.012002574275046212,
      0.010425055530091706,
      -0.009790875752271574,
      0.016213787059912967,
      -0.0012378298612643075,
      -0.022823073354742,
      0.33863507472499305,
      0.0,
      0.0,
      0.0
    ],
    [
      0.011118379351428865,
      -0.0007288324556626532,
      -0.0031076001920104282,
      -0.003960325434215744,
      0.005318805127427365,
      0.003259808786086351,
      0.020776171624852305,
      0.02065852779272477,
      0.008303080264386154,
      0.010092390783940414,
      0.043014797666898176,
      -0.044790968657713856,
      0.0005203645997274993,
      0.007643037780186417,
      0.008108414559870835,
      0.3238290128447491,
      0.0,
      0.0
    ],
    [
      0.01181357936823343,
      0.0046070523417752725,
      0.0007450126463129734,
      0.0010645729167385988,
      0.0024837620719560844,
      0.008671162151251764,
      0.005845496616427667,
      -0.004892456962717922,
      0.0034274065180374238,
      -0.0013451488479029985,
      0.004622071160044952,
      -0.007787456823747691,
      -0.01964329865891339,
      -0.0015710920128525127,
      -0.0007809913907646286,
      -0.009930087517909175,
      0.344372581011426,
      0.0
    ],
    [
      0.0084878190959676,
      0.008296684714708805,
      0.01225611067821534,
      0.0021080773315652877,
      -0.002840713923450775,
      0.02186114481019088,
      0.00385284036891622,
      -0.011446429832460837,
      0.000906719405684183,
      -0.007657438765985137,
      -0.014386885642828999,
      0.0025382997254654364,
      -0.026149565308442077,
      -0.007125634120729452,
      -0.003596013096625569,
      0.011339460126653449,
      -0.008653607708942962,
      0.33732235558361734
    ]
  ],
  "factor_covariance_max_abs_error": 1.3877787807814457e-17,
  "geometry_hash": "sha256:e2b9531e86f85a662c4da26595e0ab082dd8a1a29d2dbb83b31b076bbf7683ac",
  "geometry_path": "docs/benchmarks/artifacts/multidim_lgssm_serious_hmc_tuning_2026_07_09/geometry.json",
  "mass_config": {
    "dense": true,
    "eigenvalue_floor": 1e-06,
    "jitter": 1e-09,
    "max_condition_number": 100000.0,
    "reconstruction_max_abs_error_tolerance": 1e-08,
    "source": "phase5_low_rank_quadratic_precision"
  },
  "mass_covariance": [
    [
      0.11164949234239703,
      -0.0009864476463801856,
      0.006297294869288888,
      0.0077870169985755685,
      -0.002757641933185851,
      -0.008311814813886933,
      -0.002831371506122833,
      -0.0015999246735854675,
      -0.0021903027989658604,
      -0.002394286101717955,
      -0.0001348209351185569,
      -0.00315718355550497,
      0.006234898645012895,
      0.002573772605406416,
      0.001948260299840401,
      0.003715094490247121,
      0.003947388574700934,
      0.0028361192725081022
    ],
    [
      -0.0009864476463801856,
      0.10189281677854228,
      -0.001160667426973723,
      -0.0021225214156659206,
      -0.0014861098039916066,
      -0.0032048701724867548,
      0.0032297405016352516,
      0.004174197190186694,
      -0.004436492943205982,
      0.0040282712564748075,
      0.012111690972894598,
      0.00028774381252300875,
      -0.00191296022733731,
      -0.008490237415202847,
      -0.005867652583762957,
      -0.0002654618092665223,
      0.0014356623132415172,
      0.0026231850419246574
    ],
    [
      0.006297294869288888,
      -0.001160667426973723,
      0.10756249637878038,
      -0.009682823884061074,
      0.005748282646584014,
      -0.0013979606608892675,
      -0.0028996862970916866,
      0.0014132760968861252,
      0.002662598252086333,
      0.0037181026134596247,
      -0.0004141687262773149,
      0.01091401282125951,
      0.0027314048692035396,
      0.0008684246863959358,
      0.0003888425305719227,
      -0.0008053867087132417,
      0.00045061499113017257,
      0.004143977277103552
    ],
    [
      0.0077870169985755685,
      -0.0021225214156659206,
      -0.009682823884061074,
      0.10440359968838679,
      0.002998401488445178,
      0.012299318459865143,
      0.0030397235645190776,
      0.006265457359824419,
      0.0023589953310422613,
      0.0029976082017565313,
      0.0011938650334780694,
      0.003007115608355955,
      0.0022853394164263326,
      -0.0035287345367324063,
      -0.00035605196971010813,
      -0.00091005726767031,
      0.0005640120036035494,
      0.0004407786444039232
    ],
    [
      -0.002757641933185851,
      -0.0014861098039916066,
      0.005748282646584014,
      0.002998401488445178,
      0.11755668830428437,
      0.0011078454204203696,
      0.0008613748171013959,
      0.00438177083449867,
      -0.0034454802683998795,
      0.0007220619683482579,
      -0.00402436660255456,
      -0.001407632569513582,
      0.002349703831108452,
      -0.003191040394521401,
      -0.003184363011330806,
      0.001629281459600353,
      0.0007560461726178508,
      -0.0008361953752916314
    ],
    [
      -0.008311814813886933,
      -0.0032048701724867548,
      -0.0013979606608892675,
      0.012299318459865143,
      0.0011078454204203696,
      0.10304773113055438,
      -0.006082932653869641,
      -0.0045008665403125404,
      -0.0012980052983455061,
      -5.5506019840066405e-05,
      0.002815887571346959,
      0.003452342702514281,
      0.004465832193046576,
      0.005147977379576932,
      0.0016495246268159768,
      0.0006245783701579569,
      0.0024542808579813107,
      0.006686065225488485
    ],
    [
      -0.002831371506122833,
      0.0032297405016352516,
      -0.0028996862970916866,
      0.0030397235645190776,
      0.0008613748171013959,
      -0.006082932653869641,
      0.11532463849302149,
      -0.005272086733533571,
      -0.0005818685095519336,
      -0.0014059455612408672,
      -0.00895479974102697,
      0.00962686273915003,
      0.0016677062478051294,
      0.0018847680845344448,
      0.000500162816576447,
      0.006864350886906116,
      0.0017547706208231643,
      0.0007726332891933563
    ],
    [
      -0.0015999246735854675,
      0.004174197190186694,
      0.0014132760968861252,
      0.006265457359824419,
      0.00438177083449867,
      -0.0045008665403125404,
      -0.005272086733533571,
      0.10411672102629606,
      0.00256992387258458,
      -0.007417079175629667,
      0.00018439707965340848,
      0.0014895116201217185,
      -0.011686201034803199,
      0.0038489024922583187,
      0.004272561476416237,
      0.006104784108325635,
      -0.0017578252949256557,
      -0.003967427386787373
    ],
    [
      -0.0021903027989658604,
      -0.004436492943205982,
      0.002662598252086333,
      0.0023589953310422613,
      -0.0034454802683998795,
      -0.0012980052983455061,
      -0.0005818685095519336,
      0.00256992387258458,
      0.11879397842518367,
      0.0011442790456640483,
      -0.00301082591097893,
      0.0019693686639344404,
      0.0011406712561074736,
      -0.0038650623854441374,
      -0.003732636521828643,
      0.0027787163498256525,
      0.00092344836916316,
      6.488218152867449e-05
    ],
    [
      -0.002394286101717955,
      0.0040282712564748075,
      0.0037181026134596247,
      0.0029976082017565313,
      0.0007220619683482579,
      -5.5506019840066405e-05,
      -0.0014059455612408672,
      -0.007417079175629667,
      0.0011442790456640483,
      0.1179462094525027,
      -0.0003799697039850614,
      -0.0031572520096609337,
      -0.003791427851109774,
      0.0022766965543863475,
      0.0028251525291933697,
      0.002691895006184346,
      -0.00037016938870644697,
      -0.002171449250029109
    ],
    [
      -0.0001348209351185569,
      0.012111690972894598,
      -0.0004141687262773149,
      0.0011938650334780694,
      -0.00402436660255456,
      0.002815887571346959,
      -0.00895479974102697,
      0.00018439707965340848,
      -0.00301082591097893,
      -0.0003799697039850614,
      0.0945567694236832,
      0.017163984357919465,
      0.004503310833208953,
      -0.0014116941360120122,
      -0.0035580559479190667,
      0.012282775268590687,
      0.0014598541531362875,
      -0.0038815580855663355
    ],
    [
      -0.00315718355550497,
      0.00028774381252300875,
      0.01091401282125951,
      0.003007115608355955,
      -0.001407632569513582,
      0.003452342702514281,
      0.00962686273915003,
      0.0014895116201217185,
      0.0019693686639344404,
      -0.0031572520096609337,
      0.017163984357919465,
      0.09751602112991845,
      -0.0016002110432119794,
      0.002790441850300386,
      0.00436880395782124,
      -0.010654811367802747,
      -0.001920938101816269,
      0.0006415917638551707
    ],
    [
      0.006234898645012895,
      -0.00191296022733731,
      0.0027314048692035396,
      0.0022853394164263326,
      0.002349703831108452,
      0.004465832193046576,
      0.0016677062478051294,
      -0.011686201034803199,
      0.0011406712561074736,
      -0.003791427851109774,
      0.004503310833208953,
      -0.0016002110432119794,
      0.10438546078037572,
      -0.003057245858133883,
      -0.0011915526965480543,
      0.0008142228818556502,
      -0.005527084655630681,
      -0.0075420177867070864
    ],
    [
      0.002573772605406416,
      -0.008490237415202847,
      0.0008684246863959358,
      -0.0035287345367324063,
      -0.003191040394521401,
      0.005147977379576932,
      0.0018847680845344448,
      0.0038489024922583187,
      -0.0038650623854441374,
      0.0022766965543863475,
      -0.0014116941360120122,
      0.002790441850300386,
      -0.003057245858133883,
      0.11405692249173939,
      -0.006233735356380582,
      0.002736126277397067,
      -0.0004335254608270647,
      -0.0021014413442310993
    ],
    [
      0.001948260299840401,
      -0.005867652583762957,
      0.0003888425305719227,
      -0.00035605196971010813,
      -0.003184363011330806,
      0.0016495246268159768,
      0.000500162816576447,
      0.004272561476416237,
      -0.003732636521828643,
      0.0028251525291933697,
      -0.0035580559479190667,
      0.00436880395782124,
      -0.0011915526965480543,
      -0.006233735356380582,
      0.11653134027935362,
      0.0018452182069829243,
      -0.00048327614274419324,
      -0.0010485382186257682
    ],
    [
      0.003715094490247121,
      -0.0002654618092665223,
      -0.0008053867087132417,
      -0.00091005726767031,
      0.001629281459600353,
      0.0006245783701579569,
      0.006864350886906116,
      0.006104784108325635,
      0.0027787163498256525,
      0.002691895006184346,
      0.012282775268590687,
      -0.010654811367802747,
      0.0008142228818556502,
      0.002736126277397067,
      0.0018452182069829243,
      0.11006379496964096,
      -0.002498393288548017,
      0.00271414720370241
    ],
    [
      0.003947388574700934,
      0.0014356623132415172,
      0.00045061499113017257,
      0.0005640120036035494,
      0.0007560461726178508,
      0.0024542808579813107,
      0.0017547706208231643,
      -0.0017578252949256557,
      0.00092344836916316,
      -0.00037016938870644697,
      0.0014598541531362875,
      -0.001920938101816269,
      -0.005527084655630681,
      -0.0004335254608270647,
      -0.00048327614274419324,
      -0.002498393288548017,
      0.11947752125792195,
      -0.0022269571183565207
    ],
    [
      0.0028361192725081022,
      0.0026231850419246574,
      0.004143977277103552,
      0.0004407786444039232,
      -0.0008361953752916314,
      0.006686065225488485,
      0.0007726332891933563,
      -0.003967427386787373,
      6.488218152867449e-05,
      -0.002171449250029109,
      -0.0038815580855663355,
      0.0006415917638551707,
      -0.0075420177867070864,
      -0.0021014413442310993,
      -0.0010485382186257682,
      0.00271414720370241,
      -0.0022269571183565207,
      0.11593760828106878
    ]
  ],
  "mass_covariance_eigen_summary": {
    "condition_number": 1.9640743885607346,
    "eigenvalues": [
      0.06230612898349655,
      0.07412337505208952,
      0.0819569741631791,
      0.09002205949738346,
      0.09096729760050885,
      0.10944946346080517,
      0.11988191782087301,
      0.12237387218684659,
      0.1223738721868466,
      0.12237387218684678,
      0.12237387218684682,
      0.12237387218684685,
      0.12237387218684688,
      0.1223738721868469,
      0.12237387218684695,
      0.12237387218684698,
      0.12237387218684703,
      0.12237387218684725
    ],
    "finite": true,
    "max": 0.12237387218684725,
    "min": 0.06230612898349655,
    "positive": true
  },
  "metric_roles": {
    "factor_covariance_max_abs_error": "veto_diagnostic",
    "mass_covariance_eigen_summary": "veto_diagnostic",
    "passed": "primary_phase5_mass_pass_fail",
    "precision_covariance_identity_max_abs_error": "veto_diagnostic",
    "precision_eigen_summary": "veto_diagnostic",
    "regularization_report": "explanatory_only"
  },
  "nonclaims": [
    "mass initializer only",
    "not an HMC run",
    "not HMC tuning evidence",
    "not HMC convergence evidence",
    "not posterior recovery evidence",
    "not certified MAP covariance",
    "not sampler superiority evidence",
    "not production readiness",
    "not default readiness"
  ],
  "parameter_names": [
    "a11_raw",
    "a22_raw",
    "a33_raw",
    "a44_raw",
    "a21_raw",
    "a31_raw",
    "a32_raw",
    "a41_raw",
    "a42_raw",
    "a43_raw",
    "log_q1",
    "log_q2",
    "log_q3",
    "log_q4",
    "log_r1",
    "log_r2",
    "log_r3",
    "log_r4"
  ],
  "passed": true,
  "precision_covariance_identity_max_abs_error": 6.661338147750939e-16,
  "precision_eigen_summary": {
    "condition_number": 1.9640743885607335,
    "eigenvalues": [
      8.171678987759282,
      8.171678987759297,
      8.1716789877593,
      8.171678987759307,
      8.171678987759309,
      8.171678987759309,
      8.171678987759313,
      8.171678987759316,
      8.171678987759318,
      8.171678987759325,
      8.171678987759336,
      8.34154156170737,
      9.136636840235479,
      10.992961496906172,
      11.10838838372794,
      12.201524155942682,
      13.491020872933264,
      16.049785411397906
    ],
    "finite": true,
    "max": 16.049785411397906,
    "min": 8.171678987759282,
    "positive": true
  },
  "regularization_report": {
    "clipped_eigenvalue_count": 0,
    "diagonal_fallback_used": false,
    "effective_eigenvalue_floor": 0.00016049785411397907,
    "input_asymmetric": false,
    "input_asymmetry_max_abs": 0.0,
    "jitter": 1e-09,
    "max_condition_number": 100000.0,
    "method": "symmetric_eigendecomposition_floor",
    "raw_max_eigenvalue": 16.049785411397906,
    "raw_min_eigenvalue": 8.171678987759297,
    "raw_nonpositive_eigenvalue_count": 0,
    "regularized_max_eigenvalue": 16.049785411397906,
    "regularized_min_eigenvalue": 8.171678987759297,
    "requested_eigenvalue_floor": 1e-06,
    "silent_eigenvalue_reflection": false,
    "symmetry_projection": "average_with_transpose"
  },
  "regularized_precision": [
    [
      9.235019552269943,
      0.03601625295987075,
      -0.63386706293701,
      -0.9055049747711543,
      0.2645067721477892,
      0.9352349742512086,
      0.31456041365494525,
      0.2136827439638474,
      0.21248388136894114,
      0.24452942729829713,
      0.0368730516083658,
      0.29740066210930716,
      -0.5804415201105328,
      -0.30561381442754554,
      -0.1986009534914494,
      -0.3369583436461258,
      -0.35896449825783017,
      -0.28748972056472566
    ],
    [
      0.03601625295987075,
      10.178133479049235,
      0.10360306968091007,
      0.27153203924517133,
      0.13692704012883666,
      0.23684811085094915,
      -0.45840928925416047,
      -0.5469134768656908,
      0.39224715862654247,
      -0.4353750878126598,
      -1.3915145804022038,
      0.201518537603077,
      0.15253582441708896,
      0.8058999219672329,
      0.5457394669145951,
      0.2320955056182482,
      -0.10486701637844872,
      -0.2982956079088709
    ],
    [
      -0.63386706293701,
      0.10360306968091007,
      9.632817864893426,
      1.013379621869047,
      -0.5101494218768929,
      0.04782730932322783,
      0.3178630132714177,
      -0.22329246657935412,
      -0.21665556247077397,
      -0.40024756172234865,
      0.24173443593212524,
      -1.2257605046315734,
      -0.32668329779202604,
      -0.014264788095149361,
      0.027700876090468875,
      -0.02032269273418357,
      -0.07164825327497659,
      -0.36585409266865543
    ],
    [
      -0.9055049747711543,
      0.27153203924517133,
      1.013379621869047,
      10.012795807260572,
      -0.27394786172132046,
      -1.3004787160594313,
      -0.370736778257581,
      -0.7788051092778523,
      -0.21256023337329005,
      -0.3968923606089909,
      -0.11247335339621599,
      -0.35207865589636866,
      -0.20865791298576974,
      0.430549778706963,
      0.12739789755278158,
      0.1818763304929606,
      -0.010160732496338988,
      -0.027641918560003788
    ],
    [
      0.2645067721477892,
      0.13692704012883666,
      -0.5101494218768929,
      -0.27394786172132046,
      8.61066876594188,
      -0.08216598417518603,
      -0.05736519972274502,
      -0.39940495757124805,
      0.3186975740498432,
      -0.06945727028134405,
      0.3950570290509646,
      0.08845257579679416,
      -0.23596231081575217,
      0.28826803460126715,
      0.29133650768074515,
      -0.1716156067846218,
      -0.08206914748727415,
      0.06947319396538126
    ],
    [
      0.9352349742512086,
      0.23684811085094915,
      0.04782730932322783,
      -1.3004787160594313,
      -0.08216598417518603,
      10.124982174131016,
      0.660247202029354,
      0.5181182054307336,
      0.13764228147919721,
      0.06806744507941204,
      -0.18499799816633272,
      -0.33745149678484077,
      -0.48328269789714884,
      -0.555868649297631,
      -0.2046786601212523,
      -0.1543958089712431,
      -0.28178620006603006,
      -0.6444593462603516
    ],
    [
      0.31456041365494525,
      -0.45840928925416047,
      0.3178630132714177,
      -0.370736778257581,
      -0.05736519972274502,
      0.660247202029354,
      9.0372737314768,
      0.584334923045722,
      0.09430662934702042,
      0.15216711426758317,
      1.2507399409992934,
      -1.2516339566838615,
      -0.21461348380698336,
      -0.19645327010238875,
      -0.017238328322498192,
      -0.8753070655889885,
      -0.20700676884633995,
      -0.035559719885915254
    ],
    [
      0.2136827439638474,
      -0.5469134768656908,
      -0.22329246657935412,
      -0.7788051092778523,
      -0.39940495757124805,
      0.5181182054307336,
      0.584334923045722,
      10.031971143288725,
      -0.24221840598275235,
      0.76704701634346,
      0.1340846684485269,
      -0.1908356049490167,
      1.150101011068382,
      -0.43659922411843044,
      -0.43315901083139546,
      -0.6494415945077983,
      0.17870646641337132,
      0.42640167786036853
    ],
    [
      0.21248388136894114,
      0.39224715862654247,
      -0.21665556247077397,
      -0.21256023337329005,
      0.3186975740498432,
      0.13764228147919721,
      0.09430662934702042,
      -0.24221840598275235,
      8.508321650335079,
      -0.11486488992511733,
      0.35584781834578405,
      -0.27054161321317616,
      -0.14300742251367107,
      0.3523748739889395,
      0.3494788609883853,
      -0.30114874459032825,
      -0.10489608403089831,
      -0.00829932591059472
    ],
    [
      0.24452942729829713,
      -0.4353750878126598,
      -0.40024756172234865,
      -0.3968923606089909,
      -0.06945727028134405,
      0.06806744507941204,
      0.15216711426758317,
      0.76704701634346,
      -0.11486488992511733,
      8.615826063654959,
      0.04898925903464563,
      0.30814865830815874,
      0.40606527983259755,
      -0.2576659780624223,
      -0.28358449648344153,
      -0.24655126383792902,
      0.05635972808725498,
      0.22789597530948089
    ],
    [
      0.0368730516083658,
      -1.3915145804022038,
      0.24173443593212524,
      -0.11247335339621599,
      0.3950570290509646,
      -0.18499799816633272,
      1.2507399409992934,
      0.1340846684485269,
      0.35584781834578405,
      0.04898925903464563,
      11.625383215698562,
      -2.403872582033597,
      -0.5362048019386801,
      0.15376705870215768,
      0.4185811082514531,
      -1.657279673334855,
      -0.23225105848703867,
      0.4414043629650807
    ],
    [
      0.29740066210930716,
      0.201518537603077,
      -1.2257605046315734,
      -0.35207865589636866,
      0.08845257579679416,
      -0.33745149678484077,
      -1.2516339566838615,
      -0.1908356049490167,
      -0.27054161321317616,
      0.30814865830815874,
      -2.403872582033597,
      11.190990151525668,
      0.3064905501637211,
      -0.3228259414766854,
      -0.5180954262338497,
      1.4417228671225089,
      0.2675160756652822,
      -0.1004745593410693
    ],
    [
      -0.5804415201105328,
      0.15253582441708896,
      -0.32668329779202604,
      -0.20865791298576974,
      -0.23596231081575217,
      -0.48328269789714884,
      -0.21461348380698336,
      1.150101011068382,
      -0.14300742251367107,
      0.40606527983259755,
      -0.5362048019386801,
      0.3064905501637211,
      9.923259957091206,
      0.2590302315236939,
      0.059417844322736474,
      -0.032015631524412,
      0.5382571573123727,
      0.7400636544049823
    ],
    [
      -0.30561381442754554,
      0.8058999219672329,
      -0.014264788095149361,
      0.430549778706963,
      0.28826803460126715,
      -0.555868649297631,
      -0.19645327010238875,
      -0.43659922411843044,
      0.3523748739889395,
      -0.2576659780624223,
      0.15376705870215768,
      -0.3228259414766854,
      0.2590302315236939,
      8.975368130771324,
      0.602525265255093,
      -0.2391534562987233,
      0.03964886410295758,
      0.2018749021332949
    ],
    [
      -0.1986009534914494,
      0.5457394669145951,
      0.027700876090468875,
      0.12739789755278158,
      0.29133650768074515,
      -0.2046786601212523,
      -0.017238328322498192,
      -0.43315901083139546,
      0.3494788609883853,
      -0.28358449648344153,
      0.4185811082514531,
      -0.5180954262338497,
      0.059417844322736474,
      0.602525265255093,
      8.727044159455806,
      -0.23138879681745733,
      0.015794894100604265,
      0.10104109458992588
    ],
    [
      -0.3369583436461258,
      0.2320955056182482,
      -0.02032269273418357,
      0.1818763304929606,
      -0.1716156067846218,
      -0.1543958089712431,
      -0.8753070655889885,
      -0.6494415945077983,
      -0.30114874459032825,
      -0.24655126383792902,
      -1.657279673334855,
      1.4417228671225089,
      -0.032015631524412,
      -0.2391534562987233,
      -0.23138879681745733,
      9.55428537967468,
      0.25100826853395913,
      -0.3009697369684299
    ],
    [
      -0.35896449825783017,
      -0.10486701637844872,
      -0.07164825327497659,
      -0.010160732496338988,
      -0.08206914748727415,
      -0.28178620006603006,
      -0.20700676884633995,
      0.17870646641337132,
      -0.10489608403089831,
      0.05635972808725498,
      -0.23225105848703867,
      0.2675160756652822,
      0.5382571573123727,
      0.03964886410295758,
      0.015794894100604265,
      0.25100826853395913,
      8.437787662039913,
      0.22084033087983912
    ],
    [
      -0.28748972056472566,
      -0.2982956079088709,
      -0.36585409266865543,
      -0.027641918560003788,
      0.06947319396538126,
      -0.6444593462603516,
      -0.035559719885915254,
      0.42640167786036853,
      -0.00829932591059472,
      0.22789597530948089,
      0.4414043629650807,
      -0.1004745593410693,
      0.7400636544049823,
      0.2018749021332949,
      0.10104109458992588,
      -0.3009697369684299,
      0.22084033087983912,
      8.788398699644448
    ]
  ],
  "scale": [
    0.5,
    0.5,
    0.5,
    0.5,
    0.6,
    0.6,
    0.6,
    0.6,
    0.6,
    0.6,
    0.35,
    0.35,
    0.35,
    0.35,
    0.35,
    0.35,
    0.35,
    0.35
  ],
  "schema": "bayesfilter.deterministic_lgssm_hmc_tuning_mass.v1",
  "script": "docs/benchmarks/run_multidim_lgssm_serious_hmc_tuning_2026_07_09.py",
  "stage": "mass",
  "vetoes": []
}
