{
  "artifact_role": "cpu_hidden_minimal_ssl_lstm_quadratic_initializer_artifact",
  "classification": "extension_or_invention",
  "created_at_utc": "2026-07-08T14:11:34.150775+00:00",
  "decision": {
    "errors": [],
    "initializer_artifact_passed": true,
    "next_justified_action": "draft Phase 2 HMC geometry-initialization-only subplan",
    "vetoes": []
  },
  "environment": {
    "cpu_hidden": true,
    "cuda_visible_devices": "-1",
    "tf_physical_gpus": [],
    "tf_version": "2.20.0",
    "trust_basis": "cpu_hidden_debug_reference_exception"
  },
  "git": {
    "commit": "9220d90aab5b789da1568f9472b646f17925a06a"
  },
  "hmc_geometry_invoked": false,
  "hmc_runtime_invoked": false,
  "inference_status": {
    "default_readiness": "not assessed",
    "descriptive_only_differences": "condition numbers, residuals, and locator diagnostics are explanatory only",
    "hard_veto_screen": "passed",
    "next_evidence_needed": "Phase 2 geometry initialization only, then a separate bounded mechanics smoke",
    "statistically_supported_ranking": "none; single diagnostic target"
  },
  "initializer": {
    "accepted": true,
    "covariance": [
      [
        16.43175505743299,
        0.2198158370243642,
        -0.25270988825717855,
        0.12617266564350804,
        -0.09927394285412373,
        -0.07433663089174453,
        0.4487396053621464,
        0.11071292265083363,
        0.24484622665610167,
        0.2147085591131692,
        -0.045623528546590714,
        -0.1415846448345846,
        -0.036510150377891556,
        -0.3320144471264548,
        0.13759279208999847,
        0.31664718155114646,
        0.5016165393973506,
        0.09523769017054412,
        -0.06663591578933954,
        -0.28323443456319863,
        -0.06543374892451831,
        0.054111179973237555,
        -0.020358329709602697,
        -0.01621491391565573
      ],
      [
        0.2198158370243642,
        16.173948934329704,
        0.43374878563847086,
        -0.3996547756465963,
        0.02874724806595648,
        0.36590826131314147,
        -0.6189139934521408,
        -0.00365370494878863,
        -0.255816990047854,
        -0.3772449886432664,
        0.04755279484474363,
        0.013002767317579638,
        -0.1591673282301287,
        0.34315883370241984,
        -0.10432518739187621,
        -0.1609171062374169,
        -0.45037102461034983,
        -0.155592042438632,
        0.11915135712960856,
        0.35529663892934993,
        0.17350019976932607,
        -0.0369398019760956,
        0.06463059074698932,
        0.0019535582198814436
      ],
      [
        -0.25270988825717855,
        0.43374878563847086,
        16.03616545846591,
        0.27821327448087363,
        -0.1286255876635463,
        -0.24626722148656946,
        0.8120973830165958,
        0.15932905327626098,
        0.4184760660787431,
        0.619288841950309,
        -0.18089787692493464,
        -0.23298507069734525,
        0.1550730519842965,
        -0.5151724658903813,
        -0.36293423859979823,
        0.08736036875602222,
        0.7111664870018395,
        0.18714589941817256,
        -0.10098274463308052,
        -0.6492970038575854,
        -0.1481427547658844,
        -0.09614908124891922,
        -0.2283764798415981,
        0.4974573264133424
      ],
      [
        0.12617266564350804,
        -0.3996547756465963,
        0.27821327448087363,
        15.446511071776255,
        -0.44199219539015744,
        1.0733132553459477,
        -0.026158846257402123,
        0.7351031480096077,
        0.375276916110251,
        -0.011619650814796476,
        -0.21930039760551268,
        -0.7826721117548316,
        -0.6937718823258845,
        -0.08651238535229039,
        -0.9175417284880969,
        1.3181977958437185,
        1.076799018401023,
        -0.11673227858494867,
        0.11217481535946797,
        -0.20178714831052677,
        0.28116141506735537,
        -0.24012045127085682,
        -0.18624595003770278,
        1.0207237769576518
      ],
      [
        -0.09927394285412373,
        0.02874724806595648,
        -0.1286255876635463,
        -0.44199219539015744,
        16.12631057916688,
        0.6732296306929442,
        0.6344794980254529,
        0.5491697355619891,
        0.5696354735865293,
        0.21132454495387484,
        -0.19956667235204223,
        -0.8053207780785782,
        -0.5273555971433301,
        -0.9741616127534014,
        0.20188781065449266,
        0.4421537277142109,
        1.167417326252854,
        0.0796607506916113,
        0.04523467556856964,
        -0.7359709923854574,
        0.20314100028356208,
        0.1129062809977459,
        -0.027137484342141943,
        0.15567821589291703
      ],
      [
        -0.07433663089174453,
        0.36590826131314147,
        -0.24626722148656946,
        1.0733132553459477,
        0.6732296306929442,
        15.118470583760136,
        -0.37209154631203323,
        -0.8355816276443081,
        -0.6293689425820546,
        0.04371583093734945,
        0.2806303649145895,
        1.289294891491263,
        0.9738440163120408,
        1.3113424496684019,
        -0.2968943808468144,
        -0.20156885567392288,
        -1.2836582986775094,
        0.025850574106171767,
        -0.21782589328149018,
        0.8828637656134726,
        -0.5306105603848457,
        -0.168017796468222,
        -0.030368954284396794,
        -0.18673682646795842
      ],
      [
        0.4487396053621464,
        -0.6189139934521408,
        0.8120973830165958,
        -0.026158846257402123,
        0.6344794980254529,
        -0.37209154631203323,
        14.809618722618403,
        -0.7133986304526226,
        -1.129672370294743,
        -0.8764412388976731,
        0.36587557623572103,
        1.1304998498385863,
        0.42641581588862687,
        1.9190592170164307,
        -0.41695767390241845,
        -0.4472445955146961,
        -2.109037472482923,
        -0.3436645181322604,
        0.08689974351861415,
        1.6097612530102594,
        -0.04700579332388821,
        -0.20433366365482672,
        0.151606371539621,
        -0.22468532676004865
      ],
      [
        0.11071292265083363,
        -0.00365370494878863,
        0.15932905327626098,
        0.7351031480096077,
        0.5491697355619891,
        -0.8355816276443081,
        -0.7133986304526226,
        15.781928146188804,
        -0.7171878298748035,
        -0.33571373490026524,
        0.2751700768423183,
        0.9480959646716793,
        0.6506854054007569,
        0.7663304990247288,
        0.43559920565528676,
        -1.306414718982997,
        -1.650951090671009,
        -0.06184474759124581,
        -0.015904976914585554,
        0.7265774580961719,
        -0.17680568212392828,
        0.07615821154979331,
        0.17474467587097714,
        -0.7561364379668868
      ],
      [
        0.24484622665610167,
        -0.255816990047854,
        0.4184760660787431,
        0.375276916110251,
        0.5696354735865293,
        -0.6293689425820546,
        -1.129672370294743,
        -0.7171878298748035,
        15.709099728535435,
        -0.5392378345079669,
        0.30488317563254597,
        1.01121981835876,
        0.5374328140346378,
        1.2999646397120035,
        -0.028186603535310814,
        -0.7450620883792989,
        -1.74282470727037,
        -0.18101175547232543,
        0.014994612538873409,
        1.1101213724247998,
        -0.13703222490243866,
        -0.07338153634280528,
        0.1414825442452358,
        -0.4353934307754632
      ],
      [
        0.2147085591131692,
        -0.3772449886432664,
        0.619288841950309,
        -0.011619650814796476,
        0.21132454495387484,
        0.04371583093734945,
        -0.8764412388976731,
        -0.33571373490026524,
        -0.5392378345079669,
        15.419598046725506,
        0.50692185163951,
        0.5668366978445571,
        -0.37895207273830467,
        0.6215996410946422,
        1.8668240379323464,
        0.9138623488358808,
        -0.6369240616291092,
        -0.19919403192884527,
        -0.014948110662945442,
        1.200948650701901,
        0.05686275933574902,
        0.5502742129199159,
        0.7005527118228752,
        -1.9190574481716212
      ],
      [
        -0.045623528546590714,
        0.04755279484474363,
        -0.18089787692493464,
        -0.21930039760551268,
        -0.19956667235204223,
        0.2806303649145895,
        0.36587557623572103,
        0.2751700768423183,
        0.30488317563254597,
        0.50692185163951,
        16.27098394154482,
        -0.49507770043044436,
        0.03255079871185562,
        -0.5097857468880962,
        -0.8912224848703214,
        -0.6907998944699028,
        0.3472355925654377,
        0.06811416869783991,
        0.08208192540551892,
        -0.7190195690696006,
        0.107549820148641,
        -0.25092794902408655,
        -0.33795620653743313,
        0.9793946133618323
      ],
      [
        -0.1415846448345846,
        0.013002767317579638,
        -0.23298507069734525,
        -0.7826721117548316,
        -0.8053207780785782,
        1.289294891491263,
        1.1304998498385863,
        0.9480959646716793,
        1.01121981835876,
        0.5668366978445571,
        -0.49507770043044436,
        14.971707783226188,
        -0.7918181890855995,
        -2.051077969504554,
        0.056951735824207456,
        -0.41974519102616015,
        1.754742146676024,
        0.16041487347217592,
        0.18278636928173966,
        -1.6839606451964089,
        0.4710875537742123,
        0.11275019867818586,
        -0.18891375764094387,
        0.5991062189392264
      ],
      [
        -0.036510150377891556,
        -0.1591673282301287,
        0.1550730519842965,
        -0.6937718823258845,
        -0.5273555971433301,
        0.9738440163120408,
        0.42641581588862687,
        0.6506854054007569,
        0.5374328140346378,
        -0.37895207273830467,
        0.03255079871185562,
        -0.7918181890855995,
        15.540520255895895,
        -0.8679233174452516,
        1.2824395238570399,
        1.7502638713147056,
        1.5137207307859923,
        -0.008328490232925801,
        0.012066690845816689,
        -0.23647902761880205,
        0.27181903009015096,
        0.45254973847246227,
        0.3663391740574853,
        -0.8233962201290865
      ],
      [
        -0.3320144471264548,
        0.34315883370241984,
        -0.5151724658903813,
        -0.08651238535229039,
        -0.9741616127534014,
        1.3113424496684019,
        1.9190592170164307,
        0.7663304990247288,
        1.2999646397120035,
        0.6215996410946422,
        -0.5097857468880962,
        -2.051077969504554,
        -0.8679233174452516,
        12.524380021000818,
        2.4090478331990655,
        -2.8242650528116062,
        1.6726152556695721,
        0.3960067268235107,
        0.2754655050965004,
        -2.7727472584075974,
        0.7005230469786463,
        0.872874453387671,
        0.21646509765401983,
        -1.1737932976794079
      ],
      [
        0.13759279208999847,
        -0.10432518739187621,
        -0.36293423859979823,
        -0.9175417284880969,
        0.20188781065449266,
        -0.2968943808468144,
        -0.41695767390241845,
        0.43559920565528676,
        -0.028186603535310814,
        1.8668240379323464,
        -0.8912224848703214,
        0.056951735824207456,
        1.2824395238570399,
        2.4090478331990655,
        9.072575618171378,
        0.07664943980768868,
        -0.23655582694374971,
        -0.11766866208156196,
        0.04523598055451422,
        -0.245021697530918,
        -0.3687940240899584,
        -2.3529472957817124,
        -1.9938264542048905,
        6.421986965306271
      ],
      [
        0.31664718155114646,
        -0.1609171062374169,
        0.08736036875602222,
        1.3181977958437185,
        0.4421537277142109,
        -0.20156885567392288,
        -0.4472445955146961,
        -1.306414718982997,
        -0.7450620883792989,
        0.9138623488358808,
        -0.6907998944699028,
        -0.41974519102616015,
        1.7502638713147056,
        -2.8242650528116062,
        0.07664943980768868,
        4.245573444957808,
        -4.569000711416077,
        0.19217406348738553,
        0.8413959229218937,
        -2.58914541398151,
        0.8235683111800092,
        0.01571683454431961,
        -0.4891562264144347,
        0.09253230834012822
      ],
      [
        0.5016165393973506,
        -0.45037102461034983,
        0.7111664870018395,
        1.076799018401023,
        1.167417326252854,
        -1.2836582986775094,
        -2.109037472482923,
        -1.650951090671009,
        -1.74282470727037,
        -0.6369240616291092,
        0.3472355925654377,
        1.754742146676024,
        1.5137207307859923,
        1.6726152556695721,
        -0.23655582694374971,
        -4.569000711416077,
        12.230216072937194,
        -0.26096882933862076,
        0.22910225457672503,
        1.3033301008042018,
        -0.07732918780515495,
        -0.19473059085540567,
        0.06309053260705877,
        -0.588910422579981
      ],
      [
        0.09523769017054412,
        -0.155592042438632,
        0.18714589941817256,
        -0.11673227858494867,
        0.0796607506916113,
        0.025850574106171767,
        -0.3436645181322604,
        -0.06184474759124581,
        -0.18101175547232543,
        -0.19919403192884527,
        0.06811416869783991,
        0.16041487347217592,
        -0.008328490232925801,
        0.3960067268235107,
        -0.11766866208156196,
        0.19217406348738553,
        -0.26096882933862076,
        16.490751592080752,
        0.015690167255104755,
        0.3380333779616572,
        0.006940692971643705,
        -0.047174194269034936,
        0.032780353675886276,
        0.003919849174813075
      ],
      [
        -0.06663591578933954,
        0.11915135712960856,
        -0.10098274463308052,
        0.11217481535946797,
        0.04523467556856964,
        -0.21782589328149018,
        0.08689974351861415,
        -0.015904976914585554,
        0.014994612538873409,
        -0.014948110662945442,
        0.08208192540551892,
        0.18278636928173966,
        0.012066690845816689,
        0.2754655050965004,
        0.04523598055451422,
        0.8413959229218937,
        0.22910225457672503,
        0.015690167255104755,
        16.46806215437895,
        0.2302242377647945,
        -0.1446515572221619,
        0.006327385470254326,
        0.03812501907296065,
        -0.08934716619883572
      ],
      [
        -0.28323443456319863,
        0.35529663892934993,
        -0.6492970038575854,
        -0.20178714831052677,
        -0.7359709923854574,
        0.8828637656134726,
        1.6097612530102594,
        0.7265774580961719,
        1.1101213724247998,
        1.200948650701901,
        -0.7190195690696006,
        -1.6839606451964089,
        -0.23647902761880205,
        -2.7727472584075974,
        -0.245021697530918,
        -2.58914541398151,
        1.3033301008042018,
        0.3380333779616572,
        0.2302242377647945,
        14.0503480855115,
        0.43969233748440795,
        0.020187637727780143,
        -0.45294157924477507,
        0.9692304718639886
      ],
      [
        -0.06543374892451831,
        0.17350019976932607,
        -0.1481427547658844,
        0.28116141506735537,
        0.20314100028356208,
        -0.5306105603848457,
        -0.04700579332388821,
        -0.17680568212392828,
        -0.13703222490243866,
        0.05686275933574902,
        0.107549820148641,
        0.4710875537742123,
        0.27181903009015096,
        0.7005230469786463,
        -0.3687940240899584,
        0.8235683111800092,
        -0.07732918780515495,
        0.006940692971643705,
        -0.1446515572221619,
        0.43969233748440795,
        16.30027404441076,
        -0.14028158344585412,
        -0.05486215309429388,
        0.16290971871889964
      ],
      [
        0.054111179973237555,
        -0.0369398019760956,
        -0.09614908124891922,
        -0.24012045127085682,
        0.1129062809977459,
        -0.168017796468222,
        -0.20433366365482672,
        0.07615821154979331,
        -0.07338153634280528,
        0.5502742129199159,
        -0.25092794902408655,
        0.11275019867818586,
        0.45254973847246227,
        0.872874453387671,
        -2.3529472957817124,
        0.01571683454431961,
        -0.19473059085540567,
        -0.047174194269034936,
        0.006327385470254326,
        0.020187637727780143,
        -0.14028158344585412,
        15.827138223583695,
        -0.6140157852161515,
        1.9760089216248715
      ],
      [
        -0.020358329709602697,
        0.06463059074698932,
        -0.2283764798415981,
        -0.18624595003770278,
        -0.027137484342141943,
        -0.030368954284396794,
        0.151606371539621,
        0.17474467587097714,
        0.1414825442452358,
        0.7005527118228752,
        -0.33795620653743313,
        -0.18891375764094387,
        0.3663391740574853,
        0.21646509765401983,
        -1.9938264542048905,
        -0.4891562264144347,
        0.06309053260705877,
        0.032780353675886276,
        0.03812501907296065,
        -0.45294157924477507,
        -0.05486215309429388,
        -0.6140157852161515,
        15.974086558866272,
        1.8100801417159986
      ],
      [
        -0.01621491391565573,
        0.0019535582198814436,
        0.4974573264133424,
        1.0207237769576518,
        0.15567821589291703,
        -0.18673682646795842,
        -0.22468532676004865,
        -0.7561364379668868,
        -0.4353934307754632,
        -1.9190574481716212,
        0.9793946133618323,
        0.5991062189392264,
        -0.8233962201290865,
        -1.1737932976794079,
        6.421986965306271,
        0.09253230834012822,
        -0.588910422579981,
        0.003919849174813075,
        -0.08934716619883572,
        0.9692304718639886,
        0.16290971871889964,
        1.9760089216248715,
        1.8100801417159986,
        10.79154804587018
      ]
    ],
    "covariance_eigen_summary": {
      "condition_number": 55.004100411471086,
      "eigenvalues": [
        0.3012720578204372,
        0.5421686038628352,
        2.6662042498342147,
        12.87795686940301,
        16.5711985195257,
        16.571198519525726,
        16.57119851952573,
        16.57119851952574,
        16.571198519525755,
        16.571198519525765,
        16.571198519525772,
        16.571198519525776,
        16.57119851952578,
        16.571198519525787,
        16.57119851952579,
        16.571198519525794,
        16.5711985195258,
        16.571198519525804,
        16.571198519525808,
        16.571198519525815,
        16.571198519525836,
        16.57119851952584,
        16.571198519525847,
        16.57119851952585
      ],
      "finite": true,
      "max": 16.57119851952585,
      "min": 0.3012720578204372,
      "positive": true
    },
    "covariance_source": "low_rank_spd_quadratic_geometry_precision_theta_coordinates",
    "diagnostics": {
      "classification": "diagnostic_initializer_accepted",
      "covariance_authority": "covariance_from_precision",
      "covariance_transform": "C_theta = diag(scale) @ C_z @ diag(scale)",
      "geometry_center_refinement_accepted": false,
      "geometry_coordinate_transform": "theta = center + scale * z",
      "geometry_fit_coordinate_system": "whitened_z",
      "geometry_precision_coordinate_system": "z",
      "locator_config": {
        "enabled": false,
        "log_prob_tolerance": 1e-07,
        "max_iterations": 25,
        "parallel_iterations": 1,
        "tolerance": 1e-07
      },
      "map_candidate_role": "locator_position_geometry_covariance_only",
      "mass_config": {
        "dense": true,
        "eigenvalue_floor": 0.04,
        "jitter": 1e-09,
        "max_condition_number": 1000000.0
      },
      "mass_covariance_coordinate_system": "theta",
      "mass_precision_coordinate_system": "theta",
      "optimizer_authority": "locator_only",
      "precision_authority": "low_rank_spd_quadratic_geometry_precision_transformed_to_theta",
      "precision_transform": "P_theta = diag(1 / scale) @ P_z @ diag(1 / scale)",
      "quadratic_config": {
        "center_log_prob_tolerance": 1e-08,
        "center_score_improvement_factor": 0.95,
        "eigenvalue_floor": 1.0,
        "fit_max_iterations": 300,
        "fit_tolerance": 1e-08,
        "holdout_fraction": 0.25,
        "holdout_rmse_abs_tolerance": 0.25,
        "holdout_rmse_rel_tolerance": 0.1,
        "max_condition_number": 1000.0,
        "min_samples_per_parameter": 5,
        "pilot_direction_count": 512,
        "pilot_radius": 0.02,
        "rank": 4,
        "sample_count": 220,
        "seed": [
          20260708,
          4101
        ],
        "trust_radius": 0.05
      },
      "reports_default_readiness": false,
      "reports_hmc_convergence": false,
      "reports_map_quality": false,
      "scale_all_ones": false,
      "scale_max": 5.0,
      "scale_min": 5.0
    },
    "dimension": 24,
    "geometry": {
      "accepted": true,
      "center": [
        0.089,
        -0.07091304347826087,
        0.04917391304347826,
        0.03926086956521739,
        0.02934782608695652,
        -0.020565217391304347,
        0.05952173913043478,
        -0.05039130434782609,
        0.009695652173913044,
        0.03978260869565217,
        -0.030130434782608694,
        0.019956521739130435,
        0.35004347826086957,
        -0.0798695652173913,
        0.6502173913043479,
        0.05030434782608696,
        0.15039130434782608,
        -0.09952173913043479,
        0.20056521739130437,
        -0.3493478260869565,
        0.1507391304347826,
        0.5508260869565218,
        0.35091304347826086,
        -0.149
      ],
      "center_refinement_accepted": false,
      "covariance": [
        [
          0.6572702131401945,
          0.008792633721532895,
          -0.010108395797300721,
          0.005046906825248349,
          -0.003970957767993876,
          -0.0029734654019480476,
          0.01794958463477759,
          0.0044285169566272995,
          0.009793849266132765,
          0.00858834258959652,
          -0.0018249411754795576,
          -0.005663385856604203,
          -0.001460405977864536,
          -0.013280578148254818,
          0.005503711791571716,
          0.012665887487254855,
          0.02006466196631928,
          0.003809507704321366,
          -0.0026654367061427825,
          -0.011329377626272012,
          -0.0026173500505682528,
          0.0021644472389838517,
          -0.0008143332165716096,
          -0.0006485965743727438
        ],
        [
          0.008792633721532895,
          0.6469579679053387,
          0.017349951907511083,
          -0.015986191534692572,
          0.001149889903702901,
          0.014636330950821713,
          -0.02475656037320185,
          -0.00014614813875428055,
          -0.010232679828794878,
          -0.015089799952020935,
          0.0019021118239971732,
          0.0005201106124455117,
          -0.0063666933717474025,
          0.013726353624280568,
          -0.004173007592448178,
          -0.006436684394048079,
          -0.01801484136772355,
          -0.006223681866305545,
          0.004766054427890353,
          0.014211865875153964,
          0.006940008214265216,
          -0.001477592108405292,
          0.002585223699990851,
          7.814235034035477e-05
        ],
        [
          -0.010108395797300721,
          0.017349951907511083,
          0.6414466287637526,
          0.011128531403013207,
          -0.0051450235643746706,
          -0.009850689267083339,
          0.03248389610721193,
          0.006373162187148699,
          0.016739042994476212,
          0.02477155426142488,
          -0.007235915204883165,
          -0.009319402915565256,
          0.006202922314390461,
          -0.020606899058155118,
          -0.014517369764722562,
          0.003494414830347972,
          0.028446660061620912,
          0.007485836170902573,
          -0.00403930991436709,
          -0.025971880698089284,
          -0.005925710393195241,
          -0.003845963309921423,
          -0.009135059379018276,
          0.019898293382879288
        ],
        [
          0.005046906825248349,
          -0.015986191534692572,
          0.011128531403013207,
          0.6178604527528843,
          -0.01767968819867064,
          0.04293253132216865,
          -0.0010463541015416754,
          0.0294041265362463,
          0.015011076870546805,
          -0.00046478621047950656,
          -0.008772016078244526,
          -0.031306885186288144,
          -0.02775087596851225,
          -0.003460495511303903,
          -0.03670166979125335,
          0.052727912632291526,
          0.04307196142802769,
          -0.004669291297612607,
          0.004486992781027487,
          -0.00807148604719169,
          0.011246456953523476,
          -0.009604818213881067,
          -0.0074498381023871095,
          0.04082895182109592
        ],
        [
          -0.003970957767993876,
          0.001149889903702901,
          -0.0051450235643746706,
          -0.01767968819867064,
          0.6450524338046999,
          0.026929185796531523,
          0.02537918035702781,
          0.021966789848742757,
          0.022785419363530103,
          0.008452981936999466,
          -0.00798266705387049,
          -0.0322128317629714,
          -0.021094224305159316,
          -0.038966465263398586,
          0.008075512563342588,
          0.017686149354598186,
          0.046696693896458086,
          0.0031864300761525926,
          0.0018093870768029529,
          -0.029438840261513985,
          0.008125640195241951,
          0.004516251321738268,
          -0.0010854993955191584,
          0.006227128770904361
        ],
        [
          -0.0029734654019480476,
          0.014636330950821713,
          -0.009850689267083339,
          0.04293253132216865,
          0.026929185796531523,
          0.604738832909079,
          -0.014883661893468925,
          -0.03342326582401445,
          -0.025174758130767354,
          0.0017486334285114974,
          0.011225214829111858,
          0.05157179677881564,
          0.03895376155211058,
          0.05245369898285922,
          -0.011875775408149904,
          -0.008062754239988628,
          -0.05134633282767105,
          0.0010340230556858648,
          -0.00871303598069098,
          0.03531455125397001,
          -0.02122442295921241,
          -0.0067207119766231425,
          -0.001214758213102054,
          -0.0074694732552925535
        ],
        [
          0.01794958463477759,
          -0.02475656037320185,
          0.03248389610721193,
          -0.0010463541015416754,
          0.02537918035702781,
          -0.014883661893468925,
          0.5923847583685982,
          -0.02853594568667672,
          -0.04518689570409158,
          -0.035057650366233026,
          0.01463502332902173,
          0.04521999476038585,
          0.017056632812806165,
          0.07676237017575283,
          -0.01667830727621861,
          -0.017889784100998153,
          -0.08436150052133659,
          -0.013746581043831967,
          0.003475989858159204,
          0.06439045141974992,
          -0.001880231673437247,
          -0.008173346698076334,
          0.006064255008328934,
          -0.00898741323571911
        ],
        [
          0.0044285169566272995,
          -0.00014614813875428055,
          0.006373162187148699,
          0.0294041265362463,
          0.021966789848742757,
          -0.03342326582401445,
          -0.02853594568667672,
          0.6312771362300234,
          -0.0286875137138599,
          -0.01342854960401069,
          0.011006803288382386,
          0.03792383934460492,
          0.026027416739798224,
          0.030653220581790583,
          0.0174239685242034,
          -0.05225658957656156,
          -0.0660380447986815,
          -0.0024737899330920868,
          -0.0006361991202469692,
          0.02906309888542797,
          -0.007072227467779193,
          0.0030463285082217217,
          0.006989787154844246,
          -0.030245458067181236
        ],
        [
          0.009793849266132765,
          -0.010232679828794878,
          0.016739042994476212,
          0.015011076870546805,
          0.022785419363530103,
          -0.025174758130767354,
          -0.04518689570409158,
          -0.0286875137138599,
          0.6283639994696484,
          -0.02156951382407779,
          0.012195327261440589,
          0.040448793487028026,
          0.021497312927592965,
          0.05199858660903115,
          -0.0011274641743563344,
          -0.029802483991748036,
          -0.0697129895829714,
          -0.0072404703697982655,
          0.0005997845168779172,
          0.04440485577587844,
          -0.00548128908771917,
          -0.002935261512104482,
          0.005659301884854537,
          -0.017415737552586033
        ],
        [
          0.00858834258959652,
          -0.015089799952020935,
          0.02477155426142488,
          -0.00046478621047950656,
          0.008452981936999466,
          0.0017486334285114974,
          -0.035057650366233026,
          -0.01342854960401069,
          -0.02156951382407779,
          0.6167839319230269,
          0.02027687442827973,
          0.022673468282468717,
          -0.01515808325555444,
          0.02486398617709396,
          0.07467296277113339,
          0.03655449458851074,
          -0.02547696301220244,
          -0.007967761470348694,
          -0.0005979243942184618,
          0.048037946972410886,
          0.002274510481082438,
          0.022010968885983535,
          0.028022108980608383,
          -0.0767622992429593
        ],
        [
          -0.0018249411754795576,
          0.0019021118239971732,
          -0.007235915204883165,
          -0.008772016078244526,
          -0.00798266705387049,
          0.011225214829111858,
          0.01463502332902173,
          0.011006803288382386,
          0.012195327261440589,
          0.02027687442827973,
          0.6508393684250975,
          -0.01980310840425597,
          0.0013020319485934316,
          -0.02039143028753148,
          -0.0356489000033411,
          -0.027631996282698558,
          0.013889423983236534,
          0.0027245667986129794,
          0.0032832770797963555,
          -0.02876078330653739,
          0.004301992895878606,
          -0.010037118129461006,
          -0.013518248498645032,
          0.03917578522254277
        ],
        [
          -0.005663385856604203,
          0.0005201106124455117,
          -0.009319402915565256,
          -0.031306885186288144,
          -0.0322128317629714,
          0.05157179677881564,
          0.04521999476038585,
          0.03792383934460492,
          0.040448793487028026,
          0.022673468282468717,
          -0.01980310840425597,
          0.598868321030343,
          -0.03167272823414377,
          -0.08204312035836489,
          0.0022780694650319337,
          -0.016789808038760918,
          0.07018968716560992,
          0.006416595032824929,
          0.007311454946827903,
          -0.0673584270843745,
          0.018843502571036834,
          0.004510008032436572,
          -0.007556550440974458,
          0.02396424923097963
        ],
        [
          -0.001460405977864536,
          -0.0063666933717474025,
          0.006202922314390461,
          -0.02775087596851225,
          -0.021094224305159316,
          0.03895376155211058,
          0.017056632812806165,
          0.026027416739798224,
          0.021497312927592965,
          -0.01515808325555444,
          0.0013020319485934316,
          -0.03167272823414377,
          0.6216208203891048,
          -0.03471693334889695,
          0.05129758181953685,
          0.07001055597525341,
          0.060548830266822826,
          -0.0003331396544936779,
          0.00048266769677245754,
          -0.009459161282664295,
          0.01087276148792458,
          0.018101989851222074,
          0.014653567224705202,
          -0.03293584933384689
        ],
        [
          -0.013280578148254818,
          0.013726353624280568,
          -0.020606899058155118,
          -0.003460495511303903,
          -0.038966465263398586,
          0.05245369898285922,
          0.07676237017575283,
          0.030653220581790583,
          0.05199858660903115,
          0.02486398617709396,
          -0.02039143028753148,
          -0.08204312035836489,
          -0.03471693334889695,
          0.5009752087909052,
          0.09636191497836705,
          -0.11297060413397039,
          0.06690461158280955,
          0.015840269377864764,
          0.011018620403884755,
          -0.11090989246397168,
          0.028020922394379873,
          0.03491497874396497,
          0.008658604020897562,
          -0.046951732632829424
        ],
        [
          0.005503711791571716,
          -0.004173007592448178,
          -0.014517369764722562,
          -0.03670166979125335,
          0.008075512563342588,
          -0.011875775408149904,
          -0.01667830727621861,
          0.0174239685242034,
          -0.0011274641743563344,
          0.07467296277113339,
          -0.0356489000033411,
          0.0022780694650319337,
          0.05129758181953685,
          0.09636191497836705,
          0.3629030305895138,
          0.003065977605330699,
          -0.009462233270577497,
          -0.0047067465723475005,
          0.0018094392632540257,
          -0.009800868058515232,
          -0.014751761200333283,
          -0.09411789343821104,
          -0.07975305952606701,
          0.256879482995931
        ],
        [
          0.012665887487254855,
          -0.006436684394048079,
          0.003494414830347972,
          0.052727912632291526,
          0.017686149354598186,
          -0.008062754239988628,
          -0.017889784100998153,
          -0.05225658957656156,
          -0.029802483991748036,
          0.03655449458851074,
          -0.027631996282698558,
          -0.016789808038760918,
          0.07001055597525341,
          -0.11297060413397039,
          0.003065977605330699,
          0.1698229403734845,
          -0.1827600314737075,
          0.007686962666824655,
          0.0336558375118966,
          -0.10356581840579107,
          0.0329427330537609,
          0.0006286733866030637,
          -0.019566249405168816,
          0.003701292468211885
        ],
        [
          0.02006466196631928,
          -0.01801484136772355,
          0.028446660061620912,
          0.04307196142802769,
          0.046696693896458086,
          -0.05134633282767105,
          -0.08436150052133659,
          -0.0660380447986815,
          -0.0697129895829714,
          -0.02547696301220244,
          0.013889423983236534,
          0.07018968716560992,
          0.060548830266822826,
          0.06690461158280955,
          -0.009462233270577497,
          -0.1827600314737075,
          0.489208650787875,
          -0.010438753392893255,
          0.009164090344256002,
          0.05213320511213197,
          -0.0030931675670207094,
          -0.007789223783322907,
          0.0025236213733013124,
          -0.02355641733483285
        ],
        [
          0.003809507704321366,
          -0.006223681866305545,
          0.007485836170902573,
          -0.004669291297612607,
          0.0031864300761525926,
          0.0010340230556858648,
          -0.013746581043831967,
          -0.0024737899330920868,
          -0.0072404703697982655,
          -0.007967761470348694,
          0.0027245667986129794,
          0.006416595032824929,
          -0.0003331396544936779,
          0.015840269377864764,
          -0.0047067465723475005,
          0.007686962666824655,
          -0.010438753392893255,
          0.6596300745893189,
          0.000627606720104435,
          0.013521335392074448,
          0.0002776277552083988,
          -0.0018869678052667001,
          0.0013112141805100303,
          0.00015679397042448533
        ],
        [
          -0.0026654367061427825,
          0.004766054427890353,
          -0.00403930991436709,
          0.004486992781027487,
          0.0018093870768029529,
          -0.00871303598069098,
          0.003475989858159204,
          -0.0006361991202469692,
          0.0005997845168779172,
          -0.0005979243942184618,
          0.0032832770797963555,
          0.007311454946827903,
          0.00048266769677245754,
          0.011018620403884755,
          0.0018094392632540257,
          0.0336558375118966,
          0.009164090344256002,
          0.000627606720104435,
          0.6587224970655001,
          0.009208969664397607,
          -0.005786062429459462,
          0.0002530954238042666,
          0.0015250007832600132,
          -0.003573886725409316
        ],
        [
          -0.011329377626272012,
          0.014211865875153964,
          -0.025971880698089284,
          -0.00807148604719169,
          -0.029438840261513985,
          0.03531455125397001,
          0.06439045141974992,
          0.02906309888542797,
          0.04440485577587844,
          0.048037946972410886,
          -0.02876078330653739,
          -0.0673584270843745,
          -0.009459161282664295,
          -0.11090989246397168,
          -0.009800868058515232,
          -0.10356581840579107,
          0.05213320511213197,
          0.013521335392074448,
          0.009208969664397607,
          0.5620139324708903,
          0.017587693806878787,
          0.0008075055340074794,
          -0.018117663512706224,
          0.03876921959469244
        ],
        [
          -0.0026173500505682528,
          0.006940008214265216,
          -0.005925710393195241,
          0.011246456953523476,
          0.008125640195241951,
          -0.02122442295921241,
          -0.001880231673437247,
          -0.007072227467779193,
          -0.00548128908771917,
          0.002274510481082438,
          0.004301992895878606,
          0.018843502571036834,
          0.01087276148792458,
          0.028020922394379873,
          -0.014751761200333283,
          0.0329427330537609,
          -0.0030931675670207094,
          0.0002776277552083988,
          -0.005786062429459462,
          0.017587693806878787,
          0.6520109725002105,
          -0.005611263433872008,
          -0.0021944861699148962,
          0.006516388829202431
        ],
        [
          0.0021644472389838517,
          -0.001477592108405292,
          -0.003845963309921423,
          -0.009604818213881067,
          0.004516251321738268,
          -0.0067207119766231425,
          -0.008173346698076334,
          0.0030463285082217217,
          -0.002935261512104482,
          0.022010968885983535,
          -0.010037118129461006,
          0.004510008032436572,
          0.018101989851222074,
          0.03491497874396497,
          -0.09411789343821104,
          0.0006286733866030637,
          -0.007789223783322907,
          -0.0018869678052667001,
          0.0002530954238042666,
          0.0008075055340074794,
          -0.005611263433872008,
          0.6330855394188325,
          -0.024560631826252875,
          0.07904035821030547
        ],
        [
          -0.0008143332165716096,
          0.002585223699990851,
          -0.009135059379018276,
          -0.0074498381023871095,
          -0.0010854993955191584,
          -0.001214758213102054,
          0.006064255008328934,
          0.006989787154844246,
          0.005659301884854537,
          0.028022108980608383,
          -0.013518248498645032,
          -0.007556550440974458,
          0.014653567224705202,
          0.008658604020897562,
          -0.07975305952606701,
